%%MatrixMarket matrix coordinate real general
%
150 150 11582
1 1 11641.70569419371
1 6 2.011218479553768
1 8 30.28578790778586
1 9 1.170048919916412
1 10 1.683575715563844
1 19 36.57513001782439
1 24 347.7433228691112
1 27 59.63813369781385
1 29 58.58812504461246
1 30 162.2597647954877
1 33 0.3982086163210978
1 34 2.329098703140175
1 40 10185.46581132605
1 44 77.97602552930095
1 46 3.349923050821958
1 48 8.376281889521529
1 49 9.631611533102532
1 50 6.536868001332547
1 53 0.814317780237346
1 54 9.536482006594168
1 58 16.58356017426751
1 63 2.95128574231578
1 65 0.8908708159083926
1 69 10.62395717018232
1 72 1537.991699519135
1 73 253.9452990088097
1 74 16.51590869025642
1 78 19.83360331219966
1 80 2.444113814521767
1 82 5.02824040893343
1 83 8.440870326908151
1 84 1.181896910312873
1 86 712.5206504058043
1 87 26.60138947780075
1 93 0.8239693955914851
1 94 3.217189936725143
1 95 5.651540020870584
1 96 659.6756101277882
1 102 2.863331318256778
1 106 41.18111940256384
1 107 71.29460657133392
1 113 14.3050299741667
1 114 245.3006620511944
1 115 9.105921826068728
1 116 4.431237262255154
1 117 2.306311534796085
1 118 21.64210243430353
1 119 16.15391593638292
1 121 63.02380898000471
1 122 0.3614631336325402
1 127 1.229623518834933
1 128 1705.47176352845
1 131 6.383189333548674
1 137 213.6723972746769
1 139 0.4034680436631491
1 141 0.4102941048627142
1 144 566.4960660345405
1 145 2.446037364664936
1 146 0.4132722442325348
1 147 34.66392184244642
1 148 11.74063088377206
1 149 418.1827728221991
1 150 20.52484666781016
2 2 42207.09428435874
2 11 3.046231418230054
2 20 0.5840661290112386
2 32 14.53901719869039
2 41 135.5897856091573
2 43 3.570841017110506
2 52 2734.651748007791
2 56 0.6041821681663991
2 57 2.487639504095365
2 66 15.06224360617644
2 68 1.843673192268622
2 70 529.1731499318938
2 79 2.989780111932749
2 81 1.18125376232848
2 88 1.811671803741701
2 98 1.719865252573957
2 101 0.6032676060276906
2 110 0.5914690902157621
2 129 64.64896647082546
2 135 10.11551146607059
2 146 2.974229643614695
3 3 17028.74359253623
3 7 261.4627698389949
3 9 0.5319875020618278
3 10 195.0652688910614
3 13 17.40459498822873
3 19 1.638173216002368
3 20 1.699044895156721
3 22 442.0704160686989
3 26 7.040596298444767
3 27 1.638353768787282
3 30 2.100426657675319
3 33 1.642624830161181
3 34 9.513598400985757
3 36 9.995359392114084
3 39 305.4706104122036
3 42 1.154974129103701
3 45 8.059154272722322
3 46 2.933796083605612
3 49 3.872333394543453
3 50 1.701106456096617
3 53 1.128234001617425
3 54 7.639154061849496
3 59 2.244252929010761
3 62 46.74500364657374
3 64 28.67923469997835
3 65 2.562626235208889
3 70 0.5911638078623922
3 71 112.0192023425855
3 76 82.51622417736139
3 77 78.29112509001347
3 78 6.716910896397504
3 79 5.212542355280217
3 84 1.07861674738467
3 86 0.5248467908825447
3 87 1.112811587845127
3 89 3.836620396362456
3 93 10.89661675344298
3 95 7.249197587882295
3 97 1204.780319403751
3 102 14.20003492836694
3 105 0.537954197787079
3 106 1.071876432340662
3 107 2.655522657553585
3 110 4.586476044424899
3 113 5.673138413062191
3 116 5.004514689106142
3 117 0.5215432966388018
3 121 2.253200917631527
3 123 1.101685686174079
3 124 6.347872045088256
3 125 1485.137026037186
3 130 1.095335629813935
3 135 0.5762207440987868
3 138 830.5058114353745
3 140 1.628801868412873
3 143 1.07697012673392
3 144 0.5106257530136039
3 147 2.190922637929615
3 148 1.068713811623413
3 149 0.5156985702054708
4 4 7674.369478297108
4 5 2.95321624991853
4 7 0.5576937851709807
4 9 4.931091010951378
4 13 12.5835841406172
4 15 19.54043029836128
4 16 176.1747367642552
4 19 0.5052225433944613
4 24 0.4559916851803789
4 25 20.08876543529239
4 26 600.0116252249197
4 28 4.252844585856558
4 30 1.948699765346851
4 34 7.352083875803693
4 35 40.71217671498458
4 45 585.7500191168457
4 48 1.434911106117766
4 51 1184.187003590851
4 53 3.123905905403546
4 54 0.5049064835452363
4 55 595.9734485129267
4 60 2.332486176242674
4 62 3.853057662580411
4 64 559.3145884444025
4 67 3.117030678729176
4 69 0.9971787405586826
4 73 2.711474296636877
4 74 2.819227589067246
4 77 3.204262824010831
4 83 2.897679494449934
4 85 1.922736041167491
4 89 599.1560494277586
4 91 35.97697179455746
4 95 14.42199906282855
4 100 1.451980511363274
4 102 2.619399874240111
4 103 0.5004634608498433
4 105 1086.172313109647
4 109 0.4851427549985556
4 111 2.490485052361015
4 117 10.65015125139296
4 118 10.96323089509922
4 119 2.061480124858968
4 126 9628.960662918482
4 128 0.4679262087497332
4 130 1073.988621565776
4 131 0.9401665392342277
4 132 0.9603008896952382
4 133 140.0128742435525
4 137 0.485123138985029
4 139 42.73867478080636
4 140 107.5317778991147
4 142 294.4645580552672
4 143 16.45795762328479
4 147 1.519780445493616
4 148 1.485565059658804
4 150 4.295748715938258
5 4 2.95321624991853
5 5 1595.101738155733
5 9 250.0796858907737
5 10 0.5135870925347412
5 11 1.025039812480431
5 15 121.9636173253654
5 16 0.4815370250255545
5 17 253.86740488575
5 19 0.9583592159675188
5 20 6.431356819879158
5 23 0.9543918273949763
5 24 0.4346691577996452
5 25 137.0191208762652
5 26 1.782446813897067
5 28 6.296142753480551
5 29 0.9162222490572027
5 30 18.98171138912119
5 32 503.9408982101498
5 33 2.401589629757391
5 34 13.03782445425816
5 36 1.022262298423208
5 42 5.032752317794179
5 43 7.034688417401313
5 48 4.549477601740571
5 49 11.63179603834995
5 51 1.006020744646199
5 53 0.4931608096070566
5 54 4.310040954011585
5 55 7.733779983781248
5 58 0.4893370420049875
5 59 5.3974136209309
5 60 14.6598844310303
5 62 1.039355716636868
5 64 17.88568563496278
5 65 1.100781106025518
5 68 2.581069241069001
5 69 9.465343914321718
5 70 1.54138011370488
5 72 0.9031621489584712
5 73 1.723891011303488
5 74 5.367593792320051
5 75 0.4888133486663525
5 76 0.5123013686638944
5 77 24.74910743888525
5 79 3.53168447130752
5 82 6.490604861547163
5 83 110.193743552813
5 84 23.7008723140154
5 85 15.99852349293188
5 86 0.9255678375406291
5 87 0.4872537680568906
5 89 0.4808100187847531
5 91 247.3176954531584
5 95 1.464262456561262
5 98 56.95503717960708
5 99 0.5105423883213366
5 100 50.60860288980356
5 102 4.959982631039845
5 103 15.67126200185134
5 104 1.868917168573535
5 105 7.567176121289582
5 106 9.899684964160389
5 107 0.9353349393489812
5 109 21.20867886040473
5 110 1.000079489977104
5 113 3.963899912501922
5 116 2.43444400388629
5 117 147.2587377320925
5 118 25.84696858186694
5 120 0.4959969482185169
5 122 1.712329999473442
5 123 29.45757894869859
5 124 0.5029699075891606
5 126 0.4981627604185633
5 129 50.65992357668894
5 130 5.285125857168335
5 132 14.61154283006113
5 133 93.94638414308136
5 135 1.507208731492372
5 136 2.319936838606067
5 137 1.84410311121503
5 139 0.4880259856389656
5 140 0.9535495669692967
5 143 185.565329112696
5 144 1.806504080766579
5 146 0.5023736223780011
5 147 8.167694475654757
5 148 23.50931205189401
5 150 12.7129985225657
6 1 2.011218479553768
6 6 7129.699087979791
6 8 21.72023508509848
6 9 7.302665651227828
6 10 3.751394652156679
6 12 0.5117697794361974
6 14 0.5654437730893893
6 19 1.495779788551126
6 20 183.4982519775522
6 22 14.51984313466054
6 23 0.496504112073282
6 24 0.901246771903166
6 25 0.4616006183023239
6 27 25.92915159494599
6 29 11.89483768512658
6 30 27.90171297037832
6 31 43.83289670878609
6 33 545.3074131969377
6 34 1.451848218061609
6 36 4.799599057905982
6 39 1.60995151452062
6 40 260.8021796893066
6 42 5.772140772073175
6 43 7.334125487696681
6 46 12.24419243093223
6 48 0.4724671735787175
6 49 445.498052448309
6 50 8.256238607502249
6 54 45.84163318881524
6 58 455.0045646258108
6 59 38.32878531041902
6 62 5.426138288042103
6 63 2.271719642385662
6 65 1.728733393408245
6 66 48.71861073936876
6 69 68.90749732774158
6 70 2.680728437960292
6 72 15.93740479369765
6 73 0.893367159733207
6 74 0.4642309286773909
6 76 25.65593942879304
6 77 2.633421665308993
6 78 1218.348209590843
6 79 25.77851453952854
6 80 86.3696435956244
6 81 1.040810279341065
6 82 10.11699976366358
6 83 4.769381304677372
6 84 8.874134446657274
6 85 2.37372186050329
6 86 768.3877872641644
6 87 56.8135281320174
6 88 1.061150700679737
6 91 0.4676623299845766
6 93 6.777975827206821
6 95 0.508300235573393
6 96 14.68322850253785
6 97 3.275396279919677
6 98 4.054739027977964
6 99 0.5325867509605099
6 101 5.834830338819953
6 102 3.617853785446926
6 103 1.481853845760756
6 106 330.3870462911229
6 107 22.84776873504751
6 110 226.7355136121241
6 112 1.621083234269687
6 113 325.7708217870879
6 114 293.4765345539727
6 115 0.4704501134379967
6 116 71.98643491083405
6 117 1.912197876762665
6 118 2.354075209345864
6 121 1.025767686650336
6 123 8.042176097864008
6 124 1.048602784515386
6 125 2.716097040588084
6 127 4.663402859826943
6 128 2.773348446177088
6 133 0.4784893174290577
6 135 299.0773568210705
6 137 37.36140495229552
6 139 0.5081584910341882
6 141 11.93533771653337
6 143 0.984629283492397
6 144 14.53468945476399
6 145 2736.728696409458
6 146 26.70778360121806
6 147 190.9896308452557
6 148 12.22159343816656
6 149 115.919071881776
6 150 4.242916811261388
7 3 261.4627698389949
7 4 0.5576937851709807
7 7 809.0373530971736
7 10 2.926529048835032
7 13 0.5389929314367009
7 20 5.049091820164634
7 22 0.5873116963986628
7 26 17.95444070286696
7 33 0.5425327831436617
7 34 1.047776551205621
7 36 108.881230463685
7 39 19.34523884987738
7 42 8.008532596271186
7 43 24.5541278097544
7 45 0.5325147811304534
7 49 1.644436297092083
7 54 1.622327872719342
7 56 0.579461466336109
7 59 6.114229441202529
7 62 455.7160349915
7 64 4.918464754878741
7 65 484.8457890521654
7 66 1.155436444101189
7 71 2.437394367221603
7 76 33.8537589936635
7 77 40.20745873189095
7 79 0.5734879095710312
7 89 1.08614039473019
7 93 2.840210926163663
7 95 0.5524329605210311
7 97 130.8083899581068
7 98 1.101615384440509
7 102 5.626599261656374
7 103 0.5356368423896484
7 106 0.5312312319098663
7 110 3.407370699728832
7 113 2.80993247718923
7 116 3.857003452752934
7 120 2.250630590465663
7 121 0.5579263758649998
7 123 2.183696822860572
7 124 4.001268641844975
7 125 77.23649301373098
7 130 1.08544895673868
7 135 3.996633172764908
7 137 0.5181335925271171
7 138 350.6635064835003
7 140 1.614210595650496
7 147 0.5427067377697548
7 148 0.5296806129637657
8 1 30.28578790778586
8 6 21.72023508509848
8 8 103234.2092714307
8 10 38.94295195536547
8 11 8.210209795074707
8 15 0.4804938181261389
8 16 2.048266353857088
8 19 13.75561292686837
8 20 3.162510675708061
8 22 38.5315885374124
8 23 0.5072834136469125
8 24 5.972972303903418
8 27 447.8685651802166
8 28 1.905148209613162
8 29 1.457088939033604
8 30 86.94007272667245
8 31 1052.017325537708
8 33 10.72587795898501
8 34 2.470961070940782
8 39 0.549210214000162
8 40 553.16389097564
8 41 94.84260658648881
8 42 17.71464015756643
8 43 42.87189060532643
8 46 207.5619418036577
8 48 10.6076696747982
8 49 74.25687065546717
8 50 4183.424077651262
8 52 5.699556979866765
8 53 0.5252594461995534
8 54 103.3568976737808
8 56 14.13142193728551
8 57 0.5573338778791042
8 58 6337.702766764984
8 59 15.6745545845054
8 62 5.555251845512692
8 63 0.9267386729340968
8 65 3.544788377714179
8 66 23.84126525650058
8 69 66.87203781172605
8 70 53.77968354732001
8 72 109.0646215272981
8 73 25.95539535739192
8 74 11.36632197145804
8 76 102.8400014484056
8 77 1.616639693358576
8 78 2964.001312649363
8 79 137.7849883215477
8 80 22554.40481140509
8 81 7210.006252826503
8 82 1.967626317797826
8 83 34.56864286149751
8 84 2.518193569058071
8 85 3.392125855831959
8 86 1083.049330159656
8 87 5709.556181260617
8 88 35.29178560140145
8 93 218.1182061915986
8 96 217.0731913019821
8 97 5.589588541084329
8 98 0.5181341971932176
8 99 7.085256225606527
8 101 43.96419823735476
8 102 4.228214852775942
8 106 66.09270110145067
8 107 47.66035497932605
8 110 202.5912013260947
8 113 12166.6825507023
8 114 8274.765683799309
8 115 0.4801306371479763
8 116 126.4406314402733
8 117 4.880576527741453
8 118 23.06385863851471
8 121 4.719782090670746
8 123 3.082180952854239
8 124 100.8396481750544
8 125 2.224895557173437
8 127 8794.642634902099
8 128 223.049179345047
8 131 2.842780682372364
8 132 2.904215890409087
8 135 403.4571411698396
8 137 374.5936359552894
8 141 556.200977844366
8 144 50.23921719892315
8 145 3761.920658831857
8 146 3941.148563914687
8 147 1391.223442677821
8 148 27.9620682924668
8 149 57.46823340403876
8 150 75.05865642791579
9 1 1.170048919916412
9 3 0.5319875020618278
9 4 4.931091010951378
9 5 250.0796858907737
9 6 7.302665651227828
9 9 3616.078504047141
9 11 1.026999972222265
9 12 0.4922573085563558
9 15 18.16670050841061
9 19 1.440089289347003
9 20 52.04171615506505
9 23 37.764779705133
9 25 217.9012818985659
9 26 0.8928267447626912
9 27 0.9601656820267566
9 28 30.63220246762548
9 29 49.55761866079241
9 30 653.9102650479542
9 32 305.1044707170397
9 33 110.1893612057846
9 34 73.69857249835434
9 36 0.5121667332989261
9 39 2.060819314836227
9 40 34.11926011140964
9 41 0.5088241001269961
9 42 18.15201117298631
9 43 23.66094894517074
9 48 4.101535951268672
9 49 207.8088453320972
9 54 18.71008444740583
9 55 1.452703424689265
9 58 15.19499931136048
9 59 67.83722637028688
9 60 36.93300556273849
9 62 1.041371171952574
9 63 0.4388758676212849
9 64 1.452818507263769
9 66 5.086658094659845
9 69 311.9595361204479
9 70 4.632843431050835
9 72 12.21229402856028
9 73 11.22397159152199
9 74 1.792120575179496
9 77 10.12068460355656
9 78 0.9811619304938135
9 79 18.19712249600984
9 80 4.449586467487002
9 82 192.7312367712652
9 83 242.8417892497675
9 84 457.2864839438042
9 85 103.4817993087105
9 86 64.43509450848585
9 87 4.392636667802629
9 88 1.019250229731906
9 89 1.926365314638955
9 91 235.5499421221044
9 93 1.002229250130405
9 95 3.911772568141881
9 96 4.11194028977284
9 97 0.5237564332411774
9 98 364.2962455439005
9 99 0.5115101450923601
9 100 4.608806311514194
9 102 1.987658093931263
9 103 106.0869819333453
9 104 3.276385525312227
9 105 1.895073648545163
9 106 720.63847256487
9 107 62.77468683313262
9 109 141.3269277683216
9 110 17.03355337628482
9 113 72.9717137861559
9 114 2.897320696203138
9 115 5.8999010339389
9 116 20.48657449084946
9 117 1575.609668475476
9 118 166.2468296546247
9 119 0.4893030138257356
9 120 1.987461691374253
9 122 0.4287774500170924
9 123 215.2824623215655
9 124 0.5039096268666864
9 125 0.5213196405561341
9 128 4.908501206887236
9 129 4.8117418570976
9 130 0.4813971089595271
9 131 2.689387090158603
9 132 139.5027899231429
9 133 21.68162476346668
9 135 11.0733932343486
9 136 12.08421039646805
9 137 84.97859038959817
9 138 3.628681197082935
9 139 0.4889115542607601
9 140 3.343260376354889
9 143 235.2117080102383
9 144 34.38335747303034
9 145 1.484627729411624
9 146 3.019505643084932
9 147 141.9877863314332
9 148 686.7345071140657
9 149 85.80256156222876
9 150 105.9694138844681
10 1 1.683575715563844
10 3 195.0652688910614
10 5 0.5135870925347412
10 6 3.751394652156679
10 7 2.926529048835032
10 8 38.94295195536547
10 10 13333.87217337299
10 13 0.5256904245788536
10 15 0.4966322249144974
10 16 27.05225547856695
10 19 18.99564811885918
10 20 0.5465366842205432
10 22 2985.638089024142
10 23 0.5252773042975784
10 24 6.638827088405599
10 26 0.4873373377136245
10 27 228.4999755931309
10 28 0.4922246112818495
10 29 0.5022575722564274
10 30 2.032310470389205
10 33 1.058012916176106
10 34 2.556403051659788
10 36 2.83331020487544
10 39 1065.611176117383
10 40 5.719510903679391
10 42 9.469730610550659
10 43 11.12110698943619
10 46 5050.517605318705
10 48 4.485801199803167
10 49 16.56363289220887
10 50 25.17209483018822
10 52 0.5925486103992974
10 53 86.04347673500703
10 54 152.3932773790422
10 58 11.87809264664351
10 59 4.333076235275354
10 62 78.50332079054857
10 64 9.057485085384263
10 65 2.461945939804443
10 69 2.602453811545782
10 72 9.392733976138587
10 73 3.288802309113883
10 74 0.4893388858771114
10 76 5304.404834855487
10 77 217.547542036752
10 78 18.37502799462589
10 79 1.675772919679105
10 80 2.18039544214977
10 82 1.526572516325116
10 83 2.013883263735746
10 86 20.82073455862787
10 87 144.5566817704959
10 89 3.177349311251224
10 93 1044.000218769378
10 95 29.61654104256315
10 96 5.497905036012401
10 97 446.1610407656702
10 102 514.1471389773145
10 106 3.109568379484098
10 107 8.733268949813775
10 110 5.53077617128038
10 113 33.39813401478209
10 114 28.14881415240489
10 116 16.64772456350713
10 118 1.489949871157851
10 119 66.81076189961553
10 120 0.5480018533700992
10 121 583.9561981299104
10 123 1.064308591527158
10 124 47.86609823903344
10 125 2502.454519944628
10 128 1.461319503456125
10 130 1.058381610766157
10 131 0.9789715829688576
10 135 0.5558824742198506
10 137 11.63247191854961
10 138 185.5171020462479
10 139 24.76305556419178
10 140 6.296906057704685
10 141 1.100885385816939
10 143 0.5206787384599609
10 144 3.461335398346155
10 145 3.819629269621883
10 146 1.667623262537913
10 147 26.46038927897468
10 148 5.16777180006646
10 149 1.996965821538231
10 150 0.9946516041239681
11 2 3.046231418230054
11 5 1.025039812480431
11 8 8.210209795074707
11 9 1.026999972222265
11 11 4367.353589155354
11 14 155.9041270851878
11 18 8.004248276153357
11 20 35.99945753722294
11 31 41.44410416588603
11 33 0.5279999666519086
11 36 163.9910223608541
11 37 39.55466932902183
11 38 7.254697723787685
11 41 7.859368387550795
11 42 50.02780911333489
11 43 336.2669544254429
11 47 8.888314780160673
11 49 6.93211079182711
11 50 3.82273237118291
11 52 30.75776993020025
11 56 239.8638391867376
11 57 1217.304968755576
11 58 3.771876333097454
11 59 29.72933557927182
11 62 0.5757854919979402
11 65 3.683813356936039
11 66 647.1454538993611
11 68 28.58541616546433
11 69 1.558487970576257
11 70 578.374916755354
11 71 226.3216177245058
11 75 0.5381729845302398
11 77 3.348431729052587
11 78 2.157448746052769
11 79 1185.005771787475
11 80 38.62054930244704
11 81 1.653187332117516
11 84 5.203838341882878
11 88 232.8592153372167
11 98 32.68553988722761
11 99 232.083400977592
11 101 1692.970465691867
11 103 19.81443270223667
11 106 2.069037201058397
11 110 35.87541846493416
11 112 164.5678109099276
11 113 108.1834512708878
11 114 0.5300537920438996
11 116 1.071803402871651
11 120 24.61215689140685
11 123 7.966777964020379
11 124 7.220374718927562
11 135 128.710934585794
11 137 1.009561629991309
11 141 8.789618291534216
11 145 2.178204442693663
11 146 373.8563765566576
11 147 4.753278237775625
11 148 2.063137220043494
11 149 0.4983537606397228
12 6 0.5117697794361974
12 9 0.4922573085563558
12 12 2867.681936365228
12 20 4.692947961147957
12 21 7.014935067431603
12 23 340.3559412949174
12 30 0.4863520460714739
12 33 3.5382615166978
12 37 1.108881198300391
12 38 1.15022618401786
12 43 0.5300849314582295
12 49 5.613064548077967
12 59 10.85582752237843
12 60 1.862602930265632
12 66 1.607716127414625
12 69 0.9953144554671517
12 71 1.688616053926783
12 75 1173.759959351494
12 78 0.515900156246216
12 79 1.064621034817364
12 82 0.4870639296823043
12 84 2.492455562518552
12 86 0.4861251072987877
12 98 59.97918723722274
12 99 3.773069146350325
12 103 2.996727449946079
12 104 5.892154903687266
12 106 1.982435411635467
12 109 2.420932663896374
12 110 2.636757552085128
12 112 2.734570005144016
12 113 1.566933951892423
12 115 0.4754448874975443
12 116 0.5127977521950314
12 120 6.796458927577469
12 123 3.050036337957444
12 132 1.917060386875024
12 135 0.5299904006937209
12 147 0.5056732919750535
12 148 1.482787346569244
13 3 17.40459498822873
13 4 12.5835841406172
13 7 0.5389929314367009
13 10 0.5256904245788536
13 13 2010.599728820926
13 15 0.9257025055657757
13 16 180.1144353274834
13 19 4.407523394243343
13 24 1.32997191174844
13 25 4.085624590927612
13 26 348.7897479596122
13 28 4.590025810092685
13 30 0.4728640047759956
13 33 0.9818215176521647
13 34 43.75445379069475
13 36 0.5231873766953057
13 39 28.42393517859312
13 40 0.4454734958972986
13 45 320.9778143406579
13 48 0.4644905231786504
13 49 0.4955149365022088
13 51 3.087986886905064
13 53 35.80278265386495
13 54 4.894276012873088
13 55 35.08074860550798
13 60 5.892795588600909
13 61 2.048441928473988
13 62 1.06420017046627
13 63 0.8939871623085353
13 64 141.3227614746152
13 71 1.089645160127511
13 72 4.60908675010642
13 74 0.4565245905686873
13 76 3.67034801678715
13 77 6.718597383251283
13 82 0.473537285728124
13 84 0.4844024707737982
13 89 274.6680747168334
13 91 2.299049884835088
13 92 62.26015419371129
13 95 95.31526385915677
13 100 2.34901468433844
13 102 25.36548802232664
13 103 2.426223548575897
13 104 0.4773537344896299
13 105 18.84546391989627
13 106 0.9632421118250046
13 107 0.9553995843404448
13 109 0.4708775282753131
13 113 1.013520861406303
13 118 0.9258323560449155
13 119 4.993051664021057
13 121 1.007028864342798
13 122 0.8731232994525635
13 125 2.663575014026692
13 126 4.075993206741185
13 130 10.8034742870212
13 132 2.330924863828977
13 133 6.583614361166233
13 134 72.15576325280254
13 138 180.0956856477812
13 139 3.492292047364185
13 140 520.3374402078063
13 142 1.625828916241759
13 143 2.418373539057439
13 144 1.383010866530104
13 147 0.9821093513625588
13 148 5.283714998278168
14 6 0.5654437730893893
14 11 155.9041270851878
14 14 2812.486300946692
14 18 499.8707049533816
14 20 1.732638144352701
14 31 1.170924009510661
14 36 0.5996241098460315
14 37 3.091349874115934
14 38 143.0031392946079
14 43 1.176101083808998
14 47 15.7644177608781
14 56 0.5969292798317516
14 57 301.5512931933505
14 59 1.143898077447679
14 66 17.8581010289221
14 68 0.6065620804624614
14 70 20.52466352974552
14 71 38.98211233962346
14 79 29.54597535095224
14 98 0.5665669786227246
14 99 25.16276529040083
14 101 125.2440140208992
14 110 9.356562523215089
14 112 487.1641462537053
14 113 0.5783241530900514
14 135 1.175860247035104
14 141 0.5816346798447086
14 146 1.175622902366046
14 147 0.558032187257491
15 4 19.54043029836128
15 5 121.9636173253654
15 8 0.4804938181261389
15 9 18.16670050841061
15 10 0.4966322249144974
15 13 0.9257025055657757
15 15 7600.87548415615
15 16 516.4382592437821
15 19 34.82766610600211
15 20 1.436871168574931
15 23 2.775014344307687
15 24 43.93556403936904
15 25 1701.958651026774
15 26 11.25281690107992
15 27 0.9288655106298466
15 28 394.2972982689014
15 29 17.3370419371466
15 30 203.0078138102127
15 31 1.453370041862013
15 33 3.258026190238937
15 34 334.6689365305716
15 40 22.49228139371317
15 43 3.403573918818286
15 44 6.668518980971579
15 45 29.77197298676682
15 48 702.1071634748718
15 49 12.20738747296563
15 50 1.438345315554054
15 51 3.407123408183725
15 53 3.819395757692549
15 54 10.21036043842807
15 55 4.683038192073991
15 58 4.264629523403052
15 59 0.4752235765888191
15 60 69.9008695292344
15 63 13.62381577448437
15 64 9.366725912407814
15 66 0.4911798474252831
15 69 9.176442050356743
15 72 28.05639908992419
15 73 676.2477028558064
15 74 2925.985416453744
15 76 1.486112478632026
15 78 1.896900173011271
15 79 1.464424560068818
15 80 0.9556197586392537
15 82 27.88381162016837
15 83 1496.092134231018
15 84 9.190548348866624
15 85 572.2605879357479
15 86 15.26379882928233
15 87 20.76300515443986
15 88 1.476091117059614
15 89 37.73283774363848
15 91 240.121092479231
15 93 1.936304565813516
15 94 1.231562208860716
15 95 11.81826431278083
15 96 1.327945064558302
15 100 10.26770227765837
15 103 0.9207279761368394
15 104 0.9063876075065427
15 105 26.59383945379734
15 106 24.68204673115465
15 107 9.524446418183217
15 109 8.051933864191975
15 110 1.935767176021901
15 113 16.78864229158402
15 114 4.203444851257988
15 115 153.4951852646517
15 116 2.358095220668078
15 117 549.6588947742723
15 118 2211.018862359831
15 119 5.202693488423792
15 121 0.953549313510979
15 122 52.86499702960192
15 123 5.146617617553301
15 124 0.486689266174043
15 126 1.446347279420967
15 128 349.1635780914096
15 130 137.8128707962371
15 131 538.8407449728628
15 132 89.51542028210642
15 133 868.6384363446942
15 135 2.430731517201398
15 136 10.80203398040306
15 137 69.3354702646749
15 139 48.20592154796123
15 140 21.71902576963051
15 142 0.5110990373390082
15 143 14.22685009112312
15 144 108.3031735484482
15 146 2.916384410335184
15 147 27.00296440898729
15 148 69.30052976866799
15 149 10.1710526625633
15 150 2404.137426042217
16 4 176.1747367642552
16 5 0.4815370250255545
16 8 2.048266353857088
16 10 27.05225547856695
16 13 180.1144353274834
16 15 516.4382592437821
16 16 17106.1878353247
16 19 191.6161085653459
16 22 2.129162912715242
16 24 25.9097075713523
16 25 116.2040778604919
16 26 50.41424318626576
16 27 0.9877989291349258
16 28 221.1356780193059
16 29 21.6882768515881
16 30 38.13274920364508
16 33 0.990125007480997
16 34 132.8188807024247
16 39 2.124701587904462
16 40 9.87539734734297
16 42 0.5195387132263463
16 43 0.5186941205738964
16 44 0.413039925127595
16 45 304.6680070681978
16 46 11.06617801203305
16 48 587.0696880072715
16 49 0.9993469593751211
16 50 0.5110042731529789
16 51 0.5192775050116969
16 53 279.2489453330937
16 54 25.66489695890886
16 55 26.90805808800437
16 58 0.5046468079660015
16 59 0.5061420926948097
16 60 13.24825818847896
16 62 2.148197694410107
16 63 0.4504309610250288
16 64 277.0805188102867
16 72 27.40918099412527
16 73 59.78436308777059
16 74 52.90898966101634
16 76 21.162368446822
16 77 2.085756973806249
16 82 9.06946081822338
16 83 51.98663039682379
16 84 7.325775035826873
16 85 16.93595955815822
16 86 6.670228117226148
16 87 5.023700770769028
16 89 2352.232084246446
16 91 24.56241502826984
16 92 5.289591255000938
16 93 5.678404353126204
16 94 2.167235665781743
16 95 1526.087288852199
16 96 2.346937743710114
16 97 2.161032054052718
16 100 0.9472364280411013
16 102 49.63959955268353
16 103 0.9785994019457713
16 105 89.16593776294826
16 106 8.741064164194359
16 107 5.77946031835908
16 109 5.695590233021609
16 110 1.54823112070805
16 113 2.044851955113292
16 114 2.981291523897128
16 115 27.5042581176507
16 116 1.506195852691251
16 117 34.10704951516303
16 118 191.7674016279001
16 119 1970.090446273916
16 121 148.3073218827528
16 122 7.916253145966873
16 123 1.49350261662162
16 124 1.557357663274055
16 125 5.914022270584669
16 126 11.82131073227077
16 128 23.3661245741181
16 129 0.4489185642169806
16 130 1248.478319304343
16 131 69.50028308743886
16 132 19.26692563383768
16 133 1188.012770179779
16 134 0.6622595839321089
16 136 0.4778044682177092
16 137 20.40887792436231
16 138 5.345299898577461
16 139 3262.161272175188
16 140 2697.235596477949
16 141 0.5138574141582145
16 142 4.375825337724611
16 143 4.877094384930642
16 144 32.99169676030314
16 147 4.456952697195745
16 148 8.717671197984361
16 149 4.219965059265553
16 150 51.39183735928351
17 5 253.86740488575
17 17 12569.63317386301
17 32 456.359781074878
17 35 9.822263287376847
17 55 1.412516758876471
17 60 0.4336359902985551
17 64 221.7826199202261
17 67 408.7642582838636
17 91 3.516752248420445
17 100 0.8975247355330523
17 104 0.4555956023183788
17 108 0.5654540629070789
17 111 6.219334706102506
17 129 4201.241018100165
17 142 0.514120507993727
18 11 8.004248276153357
18 14 499.8707049533816
18 18 3230.291976610823
18 20 0.5898075160424788
18 38 165.6399688885201
18 47 28.4107710508009
18 57 0.6277636340220671
18 59 1.753290090900569
18 66 3.652316277586369
18 71 18.66880024415332
18 79 0.6037057092196566
18 98 1.736798908142441
18 99 25.73474702610109
18 101 20.7362917210251
18 110 1.195354477914227
18 112 76.6314117552112
18 113 0.5908958727394445
18 120 0.5915079283085136
19 1 36.57513001782439
19 3 1.638173216002368
19 4 0.5052225433944613
19 5 0.9583592159675188
19 6 1.495779788551126
19 8 13.75561292686837
19 9 1.440089289347003
19 10 18.99564811885918
19 13 4.407523394243343
19 15 34.82766610600211
19 16 191.6161085653459
19 19 7052.227055557741
19 20 0.5078702008964011
19 22 15.35448716949571
19 24 64.93326914354584
19 25 9.108558319266995
19 26 4.106164796915641
19 27 42.7598513240973
19 28 15.65720446859757
19 29 39.88929548891161
19 30 109.1147914074551
19 31 0.5140485499669568
19 33 1.47795166211317
19 34 424.7230727005416
19 39 7.39698799891151
19 40 283.7713036162272
19 42 0.5168734187158461
19 43 0.5160373525151911
19 44 2.468514121767836
19 45 1.453050658926837
19 46 39.31683707458066
19 48 491.6203100318235
19 49 3.977715432826011
19 50 2.541796673751954
19 53 606.8028340650428
19 54 652.2412482400366
19 55 0.4959175221832289
19 58 4.518585177602258
19 60 0.9095948028929756
19 62 1.602574997158808
19 63 4.035643592638793
19 64 198.3560290507949
19 69 32.02557105587494
19 72 316.7646447500645
19 73 80.24480283463771
19 74 199.2226761382165
19 76 47.36658864520313
19 77 6.743549195591
19 78 7.537684275478524
19 82 9.0266383682893
19 83 259.1883253170856
19 84 22.84305011628521
19 85 7.96036518901009
19 86 126.1364811032642
19 87 49.98746550596458
19 89 21.20299443189068
19 91 2.306648366806173
19 93 48.2764889766144
19 94 1.726146534774092
19 95 1216.496412249062
19 96 31.76964950404218
19 97 2.149485435559505
19 102 566.1834279633996
19 103 2.921617633517908
19 105 2.424496928095161
19 106 33.34659354654237
19 107 95.86629789097042
19 110 1.540327654943921
19 113 10.17240562106067
19 114 13.34983521072443
19 115 3.712231760394395
19 116 6.993874534514395
19 117 11.31577603054246
19 118 66.41390696924331
19 119 776.1944846388709
19 121 2723.842186346979
19 122 1.313605188897899
19 123 0.9907382672237482
19 124 3.0986528872961
19 125 5.347697301490084
19 126 0.5114206388099013
19 127 0.5105082505306207
19 128 402.2635845010819
19 130 27.59697800758269
19 131 7.330767298044481
19 132 3.741907137817924
19 133 14.62724575105371
19 135 0.5159474873613927
19 136 0.9509695118013438
19 137 346.2664459126945
19 138 2.658461204767373
19 139 597.3150710162834
19 140 39.11300475215131
19 141 0.5112491626284347
19 143 82.51025182788361
19 144 113.3215142985257
19 145 1.013986704537914
19 147 22.17562407564843
19 148 75.6734591367189
19 149 72.80569410232154
19 150 131.1407618859313
20 2 0.5840661290112386
20 3 1.699044895156721
20 5 6.431356819879158
20 6 183.4982519775522
20 7 5.049091820164634
20 8 3.162510675708061
20 9 52.04171615506505
20 10 0.5465366842205432
20 11 35.99945753722294
20 12 4.692947961147957
20 14 1.732638144352701
20 15 1.436871168574931
20 18 0.5898075160424788
20 19 0.5078702008964011
20 20 2305.076028961915
20 21 1.009244798340774
20 22 0.5484739652247665
20 23 10.61721800086799
20 25 1.408337050681617
20 27 1.015699260845567
20 28 1.424555559107403
20 29 1.452578958549903
20 30 63.16483859236853
20 31 20.74529363429662
20 32 17.567865499926
20 33 218.9121233026961
20 34 2.463185747910887
20 36 27.19368743763787
20 37 1.117624769260284
20 39 1.642078610690211
20 40 5.064131839463424
20 41 2.160458941021654
20 42 120.9024777320681
20 43 234.4568163631953
20 48 0.480746999783054
20 49 929.7893236921224
20 50 3.681405023900952
20 52 3.975453406531481
20 54 9.134980354873905
20 56 2.708036865971162
20 57 6.110120716601465
20 58 104.3521391131075
20 59 172.8894112079193
20 60 2.34379783967809
20 62 6.642960452708603
20 64 0.512613058039365
20 65 8.828358877359927
20 66 495.1556855404231
20 68 1.099150570978591
20 69 172.4083348123589
20 70 147.1033211385305
20 71 1.134599949335648
20 72 3.815176109656951
20 75 3.630098888077775
20 76 2.725457742798232
20 77 10.74012312538853
20 78 34.81599011496972
20 79 337.3818680629872
20 80 46.62916529912582
20 82 9.317018898817835
20 83 0.970748786202458
20 84 67.27176471529481
20 85 0.966202464360815
20 86 38.66429487654896
20 87 19.63911647654772
20 88 9.198415169287554
20 91 3.329955929361534
20 93 4.251867845263344
20 97 1.113849039318874
20 98 367.6649176944127
20 99 80.92587470685707
20 101 308.8487758103664
20 102 2.107073258038092
20 103 5.533049528866315
20 106 173.6887369568897
20 107 23.25991092670159
20 109 7.312818977866398
20 110 1154.56928916705
20 112 115.2001805173042
20 113 730.8619780125338
20 114 3.066089128464317
20 116 84.70422546194092
20 117 19.46158025588521
20 118 10.53866932907198
20 120 0.5266926228328834
20 121 1.0452953504789
20 123 256.5191755008887
20 124 3.207308161646018
20 125 0.5541478425903514
20 127 1.056207427330754
20 128 0.9403237046398764
20 129 0.4604376417661377
20 132 9.168294706564291
20 135 700.0365042384246
20 137 14.62511368171595
20 138 1.652851139442873
20 141 10.04975469572514
20 143 6.517060222173497
20 144 3.339037282249257
20 145 93.87713484120351
20 146 72.60664340517482
20 147 297.4037284540177
20 148 76.15311065616611
20 149 18.29479596866949
20 150 0.9593547668002238
21 12 7.014935067431603
21 20 1.009244798340774
21 21 7771.366503163916
21 23 115.2779865733557
21 25 1.811374354188515
21 29 0.9331821819570693
21 30 0.4717139220927842
21 49 0.988325704373026
21 59 0.5005083087679927
21 60 9.496702639844859
21 74 0.455450258773039
21 75 3.488918979163775
21 82 0.4723840045326014
21 84 0.4831973918989068
21 85 1.396654996828206
21 91 2.752163592409842
21 98 1.489195859541638
21 103 2.904088200513714
21 104 948.3627433803506
21 106 0.9608207421544335
21 109 11.74151992695838
21 113 1.010839138815771
21 117 1.87492569362157
21 132 1.395111151173579
21 136 430.6184697672363
21 147 0.489884380194228
21 149 0.4640831908787473
22 3 442.0704160686989
22 6 14.51984313466054
22 7 0.5873116963986628
22 8 38.5315885374124
22 10 2985.638089024142
22 16 2.129162912715242
22 19 15.35448716949571
22 20 0.5484739652247665
22 22 9258.842222056926
22 24 0.9513461427115043
22 27 12.70869970566729
22 30 4.078005403259445
22 34 1.025937970376319
22 39 240.4816391048647
22 43 1.116037906321546
22 46 2023.334947185556
22 48 2.000173245679601
22 49 6.970220498664088
22 50 14.2784800574372
22 53 15.84860526576526
22 54 32.27650858213387
22 58 7.585310348178461
22 62 50.40833575224912
22 64 2.138625796066037
22 72 0.9918717305283359
22 73 0.4713248881404269
22 76 2054.808771451201
22 77 42.09654492869191
22 78 6.508149418777428
22 80 0.54696522290073
22 84 1.046303229697373
22 86 1.528543014523375
22 87 83.58615909122528
22 89 0.5313945346476855
22 93 237.0929668562017
22 95 10.80728842625374
22 96 1.002843668360488
22 97 1445.596433325789
22 102 46.20747101325731
22 106 1.56006714400892
22 107 1.546344691707873
22 110 1.110047474602547
22 113 6.593660001639944
22 114 14.38964746211843
22 116 1.61678188557695
22 119 17.301888253095
22 121 62.74933972223091
22 124 34.63301327830217
22 125 1139.915331566457
22 128 0.9772937870942738
22 135 1.67398188229878
22 137 9.133726603934635
22 138 33.43772659583957
22 139 17.28658164395182
22 144 0.4961276371303034
22 145 8.213566632077598
22 147 16.46187663602664
22 148 1.036983037525957
22 149 0.5009190063400396
23 5 0.9543918273949763
23 6 0.496504112073282
23 8 0.5072834136469125
23 9 37.764779705133
23 10 0.5252773042975784
23 12 340.3559412949174
23 15 2.775014344307687
23 20 10.61721800086799
23 21 115.2779865733557
23 23 858.5948615158575
23 25 9.980029931578143
23 28 2.752047026895196
23 29 26.64071074873449
23 30 41.5769673180009
23 31 0.5117685035417925
23 33 239.3870290965267
23 34 2.376268761371623
23 39 0.5259764305127
23 40 2.670922984895712
23 42 1.028994933985069
23 43 1.541109607605016
23 49 42.08177191904063
23 54 5.379657419064425
23 58 5.498775876904832
23 59 12.53398346391073
23 60 72.92954602200139
23 63 0.4466762664051254
23 66 0.5191908656619255
23 69 9.180697924051902
23 72 0.9212087281030582
23 73 0.4392282808878071
23 75 451.904910220876
23 76 0.5239332667961217
23 77 1.549269606275646
23 78 1.501007009912977
23 79 2.063335379989653
23 80 0.5043579815123976
23 82 91.78842743475167
23 83 2.810889010281
23 84 141.3222086602606
23 85 9.327236091599909
23 86 8.50047972904682
23 91 8.729972328476206
23 95 0.9972855963449122
23 98 138.7487856609833
23 99 1.5662382767412
23 102 0.5069764005821299
23 103 17.94068349765835
23 104 27.66172462913032
23 106 242.5564212763412
23 107 14.79777552619233
23 109 314.2802197009659
23 110 9.200747662943554
23 113 26.33201062813604
23 114 1.476986515598488
23 115 1.386474667810483
23 116 9.450664501369898
23 117 28.64354738122118
23 118 13.41455038592413
23 120 7.602938784682893
23 122 1.744784930278881
23 123 12.82458306781525
23 132 54.96977304919575
23 135 1.540834511729385
23 136 197.9307636313755
23 137 6.116051467661641
23 139 0.4985849936560008
23 143 0.9666411835562783
23 144 4.606915379920433
23 145 2.019156569456488
23 146 2.054060674053089
23 147 24.04366630212328
23 148 13.43958244941765
23 149 16.26857089488206
23 150 1.852593739363681
24 1 347.7433228691112
24 4 0.4559916851803789
24 5 0.4346691577996452
24 6 0.901246771903166
24 8 5.972972303903418
24 10 6.638827088405599
24 13 1.32997191174844
24 15 43.93556403936904
24 16 25.9097075713523
24 19 64.93326914354584
24 22 0.9513461427115043
24 24 5572.472997227183
24 25 35.69346442952881
24 27 76.94862284965478
24 28 151.3532530435846
24 29 96.39434983022511
24 30 180.0549586999165
24 33 2.674381626073706
24 34 43.73943002938683
24 40 585.389428728649
24 42 0.9309147679306959
24 44 1012.396573527469
24 45 0.4389327836546282
24 46 6.600001000626672
24 48 650.1075760428265
24 49 6.74216714918933
24 50 4.127152188238894
24 53 1.37010606055924
24 54 39.11632779452528
24 58 2.720573230687078
24 59 0.4546748239107758
24 60 48.91020641578988
24 63 678.4420669121668
24 69 3.957041364704387
24 72 734.3864841062443
24 73 5343.924195860112
24 74 584.0332654923259
24 78 8.168205788792349
24 82 62.10868356279671
24 83 61.97871252105607
24 84 4.403099393313608
24 85 24.68886253301134
24 86 125.7282490421824
24 87 31.61480009832124
24 89 3.122589512959863
24 91 2.939377443343494
24 93 3.239549823304177
24 94 209.026894905525
24 95 9.048354641934825
24 96 39.08168944405233
24 98 0.4513362294835807
24 102 1.37759533297663
24 105 1.31809525472403
24 106 31.97792638104936
24 107 101.3094970930099
24 109 1.287247706596594
24 113 6.422888794511215
24 114 46.50892490588497
24 115 128.3412668042839
24 116 13.09038604993167
24 117 30.41227446907035
24 118 1918.623477759726
24 119 112.7065847341152
24 121 25.08581643385898
24 122 81.68639755045324
24 123 1.791774657982162
24 125 0.4800010523763973
24 128 2452.378875276158
24 130 1.783359746561339
24 131 505.7929821804683
24 132 51.02884130589448
24 133 7.71530793123355
24 136 1.29483240102376
24 137 114.1382061299284
24 139 8.593702822265762
24 140 7.082827666553994
24 143 0.4397607649614603
24 144 1637.879594982757
24 146 0.4646598505679401
24 147 57.96092659325123
24 148 21.8499224530669
24 149 73.41921086540488
24 150 309.2213450770402
25 4 20.08876543529239
25 5 137.0191208762652
25 6 0.4616006183023239
25 9 217.9012818985659
25 13 4.085624590927612
25 15 1701.958651026774
25 16 116.2040778604919
25 19 9.108558319266995
25 20 1.408337050681617
25 21 1.811374354188515
25 23 9.980029931578143
25 24 35.69346442952881
25 25 10626.82135726944
25 26 29.32665608014252
25 27 0.4555057557870222
25 28 1541.736413999562
25 29 40.57924652796938
25 30 492.3304042569263
25 31 0.4747916640233449
25 32 1.318212628252371
25 33 23.27938598020704
25 34 454.7038390525212
25 39 0.4870223116367902
25 40 8.755153668777844
25 42 4.771465994643781
25 43 6.670076257025465
25 44 1.543344240861392
25 45 15.27682479125885
25 48 214.5739949422671
25 49 58.46795176871188
25 50 0.4699797809513876
25 51 3.815344832284691
25 53 0.4680349026097986
25 54 15.02053348656747
25 55 22.96029096717086
25 58 4.180880308053863
25 59 10.24775833530128
25 60 1273.383484887739
25 61 0.9494314633811693
25 63 51.85831452853903
25 64 8.725549634281732
25 69 24.30470894949249
25 72 16.3552730542852
25 73 236.7243106849616
25 74 153.129752036027
25 75 0.9281704928070288
25 77 0.4788292326303696
25 78 1.394726879253647
25 79 5.26091607588285
25 80 0.468394564958821
25 82 296.5838356204301
25 83 693.1079769221003
25 84 73.92569364365995
25 85 1130.849414373083
25 86 32.60264101834706
25 87 3.238522830442058
25 89 47.05435930293307
25 91 1684.250242590601
25 93 0.474433410959938
25 94 1.21053779170524
25 95 5.561541371977762
25 96 0.8691563604394237
25 98 6.934670412043103
25 99 0.4836859358335411
25 100 63.96931279141918
25 102 0.9412243035138708
25 103 18.06219818537755
25 104 28.90179540040902
25 105 55.77473327882025
25 106 104.9275351125786
25 107 40.4954327094048
25 109 229.1748538828865
25 110 10.90768153128657
25 113 31.49951268848325
25 114 0.4580384335429083
