%%MatrixMarket matrix coordinate real general
%
150 150 12060
1 1 7646.788544706828
1 6 1.586499235304914
1 8 21.41610068724438
1 9 0.7801765132394106
1 13 0.3995133925625532
1 15 1.150717379160744
1 16 0.3861672199805306
1 19 17.94733582213803
1 24 365.9268440977983
1 27 39.29454036558442
1 28 0.3873635463380738
1 29 39.79285483161155
1 30 175.9759640185332
1 31 0.8010400536886475
1 33 0.3907934248727139
1 34 5.083069060417913
1 40 5811.381894390691
1 44 39.56897791823752
1 48 4.271012932469683
1 49 7.886646636730102
1 50 7.962721330415524
1 53 2.013750440816422
1 54 8.611555704039461
1 58 9.132703601935249
1 63 2.616040556649222
1 69 13.66041911001157
1 72 1186.293833193968
1 73 162.2023041753833
1 74 21.98376752083137
1 78 20.63525346915469
1 80 1.199550945046022
1 82 5.431511430908409
1 83 4.257581400386229
1 84 1.169375813525259
1 85 0.3874162730174741
1 86 520.201668063122
1 87 19.77860082431347
1 88 0.4022845581419681
1 94 1.143250674972202
1 95 0.3993026989051786
1 96 277.9353658831527
1 102 2.034797786663358
1 106 40.40881449249104
1 107 79.71078671727894
1 110 0.4005924496895739
1 113 11.18273711650163
1 114 114.2082317304921
1 115 4.629998253670564
1 116 3.161743490340214
1 117 0.7778188913345232
1 118 8.895445634657921
1 119 3.186196974113225
1 121 17.80897446781227
1 123 0.3893045205604626
1 127 3.583105930150361
1 128 987.4622771843294
1 131 4.604246498653003
1 132 0.3856677544212501
1 137 198.0186521717641
1 140 1.177598007730545
1 144 416.1733240260112
1 145 3.589892675313862
1 147 42.02887152748063
1 148 27.53329151521387
1 149 338.5894183299868
1 150 15.13777008756879
2 2 5467.306428719889
2 9 3.473230128358954
2 11 8.248964392130809
2 31 1.026355872469539
2 32 9.962925412598649
2 41 31.37609282537409
2 43 1.023826489804742
2 52 348.4401931655809
2 56 0.5129706237921733
2 66 5.174006300794771
2 68 3.648001631769372
2 70 280.8128811519956
2 79 5.137827682622214
2 80 1.53637028390361
2 88 4.132423827026764
2 98 2.989761933593869
2 101 2.05773153309945
2 129 20.80053262790985
2 135 3.094938175284296
2 146 1.028840600954495
3 3 15634.94302430744
3 7 152.2703185470377
3 8 2.148690171282002
3 10 278.225071240585
3 13 3.801590924377181
3 16 3.113199958562018
3 20 0.5417161104691215
3 22 496.3156987301612
3 31 0.5443693871007388
3 34 5.269315419160948
3 36 12.70995870964969
3 39 297.4808522501118
3 42 3.759244313276029
3 43 0.5429483117596153
3 45 2.717178493884064
3 46 2.875168361071393
3 49 4.796731567070754
3 50 2.699643987194871
3 53 1.096846911007612
3 54 5.276601630918339
3 58 1.614000514257032
3 59 1.069573141007945
3 62 110.8364235063641
3 64 31.87957844214435
3 65 29.97423333099504
3 69 0.525720587087567
3 71 83.25415968442279
3 76 84.54607092957369
3 77 85.36299135529519
3 78 2.150435158977301
3 79 10.35613487146904
3 80 1.086323585164742
3 82 0.5214927251159232
3 86 1.033367267089371
3 87 1.605798260535025
3 89 2.080210104515674
3 93 10.45220657673429
3 95 12.48100183216893
3 97 489.9801985679201
3 99 1.093354473609483
3 102 28.36889005417133
3 106 1.5474441849468
3 107 0.5129686763729825
3 110 4.360257319586349
3 112 1.067135477280857
3 113 20.06423433890505
3 116 11.22681059792469
3 120 3.407001772825392
3 121 2.760722222754755
3 123 1.573552965295013
3 124 6.543197855574952
3 125 1427.231666681077
3 135 1.094688524424142
3 138 1059.345195634604
3 139 1.576652137851748
3 140 0.5297879468502816
3 141 0.5427756974293375
3 146 2.183185114740587
3 147 11.13389540123762
3 148 2.084617419501329
4 4 8032.836131706443
4 5 14.06860885562714
4 7 1.137817926754302
4 9 2.060800257363662
4 13 4.258475874811015
4 15 15.62158143390443
4 16 123.6988724029999
4 19 0.530607204383935
4 22 0.5779999938091903
4 25 22.22431549562966
4 26 375.4005095167104
4 28 5.622217742844859
4 29 5.595362259540881
4 30 4.07524437896317
4 34 7.752262723139024
4 35 69.63396192794298
4 39 1.122461579661921
4 43 0.5322162198010161
4 45 676.0060636965893
4 48 1.536113087875417
4 51 1051.728701565453
4 53 9.136362451251614
4 55 1232.743713630306
4 60 1.015753963217917
4 62 3.373362649483781
4 64 558.5586185787554
4 65 0.5642391927338753
4 67 4.957725809609093
4 73 1.51108196237667
4 74 1.015061516228355
4 77 0.5465832955106666
4 83 2.03973678555054
4 84 0.5147809964774679
4 85 11.75753962482429
4 86 0.5070047957674589
4 89 679.5073259661132
4 91 25.02828548043596
4 95 34.04374445782063
4 97 2.281342913836407
4 100 1.527771434590896
4 102 2.72454037675539
4 105 1729.126340746804
4 106 1.012182685787005
4 107 1.006570780008783
4 108 4.938661933227938
4 111 5.653029994181952
4 117 13.34124284300888
4 118 14.26291312825504
4 119 6.355064544821162
4 121 1.082177740252974
4 125 5.135265985802056
4 126 8122.450480079719
4 128 0.5048305471695884
4 130 819.9407998376379
4 132 2.540829616963086
4 133 82.31102541873463
4 137 0.5068616365395745
4 138 2.836012081703994
4 139 78.86536850814764
4 140 91.4304447147308
4 142 431.5151402213066
4 143 1.540442269710157
4 144 1.522724938151207
4 148 0.5112782703320963
4 150 2.047336480169564
5 4 14.06860885562714
5 5 11684.90281237832
5 6 0.4656483740668835
5 7 0.9964887325406115
5 9 1560.985917824557
5 13 0.9399071321593574
5 15 38.05486258623564
5 17 426.8363604871827
5 19 5.154644827375778
5 20 7.033971317118206
5 21 1.821656396947717
5 23 2.585767122489987
5 25 473.7572266021199
5 26 0.9606529904831521
5 28 26.74882111500227
5 29 3.160063129581125
5 30 36.61407173441694
5 32 1656.570183801949
5 33 7.78661087939873
5 34 44.41176507056353
5 36 0.4771600088004747
5 39 1.969442976159736
5 40 1.321498010317494
5 42 3.723394229589567
5 43 7.987631128512167
5 48 2.270544459109149
5 49 9.710589595320856
5 51 5.830914521348098
5 52 4.290408330129575
5 53 0.4740068682530166
5 54 8.251288406245918
5 55 226.2623005351251
5 56 0.4707155795923751
5 59 6.956244403969438
5 60 10.8198781808716
5 62 0.4932373847045934
5 64 76.45773204272749
5 65 2.473642556614241
5 66 5.693879050845243
5 69 34.265352307882
5 70 8.551292062779245
5 72 0.8939030320161636
5 73 0.8950244228728252
5 74 2.252839749268957
5 75 0.4607878129010422
5 77 51.47307015590782
5 79 0.9428727188920413
5 80 0.9400407005145048
5 82 24.49841995211242
5 83 128.9406626899465
5 84 66.14837635769557
5 85 39.90235042692885
5 86 0.4500471709788081
5 87 0.4641300039794832
5 88 0.4738130034105814
5 89 3.168190270976373
5 91 911.8956133834648
5 95 4.227041182711461
5 98 419.8597706635487
5 100 172.1766544287615
5 101 0.9439010340640711
5 102 8.636532747360013
5 103 211.3009658839446
5 104 15.9657025372458
5 105 66.75118592769932
5 106 19.32501249107186
5 107 6.26079327923416
5 109 70.19565884674437
5 110 3.300037724614918
5 113 9.38733245605088
5 114 0.4617087370709312
5 115 0.9015599319659073
5 116 7.881620423403093
5 117 364.4124828087441
5 118 47.91276161938206
5 120 3.907419082759095
5 122 1.356856611085741
5 123 81.16851521104192
5 128 0.8967078154832888
5 129 79.30488636523712
5 130 9.970001595740335
5 131 0.4478241696865012
5 132 32.47704396222594
5 133 262.7244792168848
5 136 7.088710884455367
5 137 5.849409268414546
5 138 0.4970949983933026
5 140 8.279130057005332
5 141 0.4697647141804752
5 142 7.902141396362254
5 143 638.2303305752223
5 144 3.604619306357435
5 146 0.9439188576885876
5 147 12.88802750158278
5 148 79.80456865773502
5 149 2.220068537555054
5 150 31.32057098960226
6 1 1.586499235304914
6 5 0.4656483740668835
6 6 1156.694966497338
6 8 9.239634542233658
6 9 3.812262021143876
6 10 1.559741296043646
6 11 0.4944790845820092
6 15 0.4669184260342702
6 20 359.1891008196951
6 23 1.346091959798256
6 24 3.683169776533621
6 25 1.403718348407891
6 27 6.250603092752877
6 29 16.48390130590502
6 30 31.12516974104305
6 31 16.73490808405353
6 33 141.0511328057538
6 34 2.867697424997859
6 40 60.59732043974628
6 41 0.4933641822450213
6 42 5.834468462579033
6 43 10.31178234583936
6 46 1.034444025788861
6 49 511.8855460319746
6 50 5.863566039542336
6 53 0.9910405449066907
6 54 15.79199953575874
6 57 0.4878891538547808
6 58 219.6398410041946
6 59 15.01534614661847
6 62 1.033113232338004
6 63 0.9047746579143846
6 66 56.05942523892195
6 68 0.4995695204558794
6 69 22.41318855565718
6 70 13.41198286571872
6 72 6.991273326969905
6 73 4.66701764580715
6 76 1.028210000829867
6 77 2.013199791317348
6 78 271.0645779601695
6 79 35.97257781773026
6 80 32.91203239874165
6 81 0.9754443396833835
6 82 3.787076444990565
6 83 1.888086445051432
6 84 11.90351442004128
6 85 12.77469570837654
6 86 206.5693654154926
6 87 9.695275442595637
6 88 2.47648150977761
6 91 0.4640195416372149
6 93 0.9937976488785302
6 96 3.282352259140323
6 97 0.5233500150996644
6 98 7.177443578052575
6 99 11.85837095158405
6 101 16.27998280212931
6 102 1.003825318886046
6 106 204.3777196308894
6 107 18.65393196115496
6 109 0.4662654574774959
6 110 255.2520039439929
6 112 9.667393371158582
6 113 312.9427693806265
6 114 77.14104522305803
6 115 3.761968092861125
6 116 32.44347618050206
6 117 4.273001876689853
6 118 1.414728429704752
6 121 2.991681042051159
6 123 16.18170559840373
6 124 0.4930197471126904
6 127 3.419890569626654
6 128 0.9352068656037024
6 132 2.352812504730907
6 135 224.0741883207949
6 137 18.77408908251115
6 138 2.603751265293944
6 139 0.4768272548043211
6 141 9.817931589640409
6 143 0.9501548614151339
6 144 10.81058936789127
6 145 577.8332329185013
6 146 19.24044971192873
6 147 147.0634054974637
6 148 17.50611435165675
6 149 47.21157683958762
6 150 0.9473014383325497
7 3 152.2703185470377
7 4 1.137817926754302
7 5 0.9964887325406115
7 7 2607.919250934873
7 9 0.5108379270452825
7 10 13.4616369384715
7 11 0.5313928118134325
7 19 1.051777479205181
7 20 1.578900513492904
7 22 11.4522556574778
7 30 1.010184831381962
7 33 1.025220442528009
7 34 2.049651679755127
7 36 217.3310960594965
7 37 3.290464757465214
7 39 42.25515316497853
7 42 5.740682604598792
7 43 53.27375079512814
7 49 5.180716413282381
7 52 3.216587253740841
7 53 1.065303720958896
7 54 6.670132150412788
7 56 1.585499503281702
7 58 0.5228750716822504
7 60 1.007188390900586
7 62 1242.147781266357
7 64 24.55525378630415
7 65 1378.003106120817
7 66 2.133420583503738
7 69 0.5112253004425205
7 70 2.136347579604648
7 71 23.78746289079217
7 76 63.17535458410983
7 77 58.49457645149158
7 79 11.11876895440024
7 80 0.5277374357162045
7 83 1.011187509591973
7 84 0.5103798135837441
7 87 0.5202953925095629
7 88 0.5324408776703455
7 89 2.023378378630792
7 93 2.137129920461946
7 95 7.381224474399739
7 97 249.1009150702061
7 101 1.060244717524999
7 102 14.58124146668589
7 106 1.505523289511743
7 109 0.499028381984843
7 110 2.117986611638011
7 112 5.704789250266399
7 113 15.27870677750527
7 116 2.078602623829146
7 117 1.526247712182533
7 120 2.204189839547183
7 123 6.120964968271899
7 124 9.004201581380022
7 125 100.0467131672094
7 130 1.013074214048022
7 135 3.721515547700942
7 138 631.6153093355413
7 139 1.533156977774675
7 143 4.581706114061875
7 146 2.120671452854487
7 147 3.092553868100389
7 148 7.096119775711796
8 1 21.41610068724438
8 3 2.148690171282002
8 6 9.239634542233658
8 8 31806.38975523805
8 9 1.429264647818531
8 10 28.58704066916461
8 11 3.954169660946442
8 15 5.601352885875536
8 19 13.70728144750546
8 20 5.878882122026842
8 22 18.54227881934427
8 24 4.603004982097588
8 25 0.4678198850557355
8 27 231.2159483236959
8 29 0.4708888228491374
8 30 42.90464011723263
8 31 715.4832772350785
8 33 5.258270372540403
8 34 3.344801187522766
8 36 0.4989134949167146
8 39 2.577496741545151
8 40 191.386943694751
8 41 54.74090499385998
8 42 18.47114720026856
8 43 45.65540454224008
8 46 57.9133539453914
8 48 20.84432467333275
8 49 72.4188774979187
8 50 2330.655052739579
8 52 3.987203138500353
8 54 41.14493944102951
8 56 21.6395533869254
8 57 0.4877663296165602
8 58 2686.625484102104
8 59 8.716542978756832
8 62 11.36099187824563
8 65 4.663085422976265
8 66 32.73420549553179
8 69 33.84990284187909
8 70 35.75587515207403
8 72 40.53961055453011
8 73 14.93067144178108
8 74 5.638504833672823
8 76 24.15663410209832
8 77 3.018883477796635
8 78 1399.260208868117
8 79 237.9502572504252
8 80 8156.247860105641
8 81 1731.975792255848
8 82 3.312896531442737
8 83 14.1574322998346
8 84 2.380121967149756
8 85 1.419072736379447
8 86 504.5649430938458
8 87 2118.862530410412
8 88 49.5178526362681
8 93 96.87109871067152
8 96 53.44297520266987
8 97 1.569460451019144
8 98 0.4784356560098345
8 99 5.433725846997247
8 101 41.92277791911275
8 102 2.007204471915526
8 106 44.98970603375554
8 107 32.17034572651161
8 110 137.4466165180025
8 112 0.4833118403575725
8 113 5676.671802067639
8 114 3030.411455235428
8 115 0.4701695283179415
8 116 104.0843071581121
8 117 3.322618806870831
8 118 14.61526894581809
8 122 0.4718056064604447
8 123 13.79860546842782
8 124 108.912817814537
8 125 6.281822974649146
8 127 4219.062303187596
8 128 81.34458228680576
8 132 0.9408714496626407
8 135 325.3926245008555
8 137 159.07248772508
8 141 331.7624815093201
8 143 0.9499224852228964
8 144 29.60434253510616
8 145 1552.904974859865
8 146 2626.894488858421
8 147 784.625960515318
8 148 31.69258347237902
8 149 26.37674062597764
8 150 28.41254596030183
9 1 0.7801765132394106
9 2 3.473230128358954
9 4 2.060800257363662
9 5 1560.985917824557
9 6 3.812262021143876
9 7 0.5108379270452825
9 8 1.429264647818531
9 9 10384.40522008543
9 11 3.873550706284004
9 15 25.6360621111088
9 16 4.620185656774976
9 17 8.627104821055282
9 19 4.796593155838632
9 20 85.43956874910612
9 21 2.329419313362597
9 23 75.7280190164031
9 24 4.96697132838008
9 25 545.4630137268533
9 26 0.4920217637867436
9 27 0.471197574221578
9 28 102.0167056284728
9 29 149.1292706408544
9 30 1329.118631072115
9 31 3.374635331729182
9 32 90.37617990110112
9 33 150.4176465384415
9 34 270.7377502357355
9 36 1.954319901472886
9 39 3.027400138339994
9 40 50.87946002995548
9 41 1.449393617497666
9 42 26.19824710221841
9 43 60.12196709010794
9 45 0.9628251269322387
9 46 0.5061412753996782
9 48 13.93401396921039
9 49 377.1184638117359
9 50 0.9573035921610739
9 51 1.632857444099838
9 52 3.905245242243763
9 53 1.941106447352835
9 54 45.02198511759567
9 55 1.543174318026777
9 56 2.890998230327189
9 58 15.26729772989104
9 59 107.2535213206273
9 60 33.65658916126316
9 62 1.516291527610674
9 63 1.33149189626392
9 64 24.79881591146072
9 65 2.535307517092453
9 66 7.287425715184816
9 69 925.87160883382
9 70 10.21511332650654
9 72 29.24840538227512
9 73 16.01576087504024
9 74 1.382281329459919
9 75 47.14583395084713
9 76 2.515317303342486
9 77 13.79606766277741
9 78 4.290870396147467
9 79 32.33668990958657
9 80 4.330367728977056
9 82 470.9866842201158
9 83 524.7264384206461
9 84 1429.872352712903
9 85 191.5437434781075
9 86 102.6397388407667
9 87 11.87383490168321
9 88 2.910416184809729
9 89 0.9258121129169056
9 91 321.6889132707595
9 92 0.5475973803317125
9 93 1.946400240512153
9 95 7.211631284634302
9 96 0.4597252679870554
9 98 1060.729031044414
9 99 0.4839725358289154
9 100 22.64661355215182
9 101 3.382242917127988
9 102 7.862431671390255
9 103 525.4233172101417
9 104 7.707558136053058
9 105 4.991861464389949
9 106 1205.003206880139
9 107 147.6951632488926
9 109 261.0375110879745
9 110 33.30148182252046
9 112 0.4736544985179347
9 113 139.8144260056669
9 114 1.417275572359347
9 115 12.90814824625364
9 116 50.76530189160543
9 117 2816.828761400545
9 118 285.6907772769804
9 119 0.4789019526215242
9 120 1.501369410084653
9 121 0.4883100206599162
9 122 6.013435555121474
9 123 529.9110890387299
9 125 0.5122598059796835
9 128 9.169368165851806
9 129 12.0105272303495
9 130 6.952685969166613
9 131 5.495340074572127
9 132 178.0632022878799
9 133 64.10191394681905
9 135 18.89277709438137
9 136 41.36573112076192
9 137 160.1316942637016
9 139 0.467307815540509
9 140 6.588443109847777
9 141 2.885034346204645
9 142 0.5804173344576287
9 143 1243.765349056253
9 144 81.56010942907517
9 145 3.357745232419412
9 146 11.59650744426754
9 147 323.5451351294089
9 148 1608.876065913281
9 149 125.2777581259134
9 150 248.39188383825
10 3 278.225071240585
10 6 1.559741296043646
10 7 13.4616369384715
10 8 28.58704066916461
10 10 11309.9693223601
10 13 1.050658411071874
10 15 0.4977404355501378
10 16 9.550817119721856
10 19 33.51189531252727
10 22 2332.675574890337
10 24 4.902868018955641
10 27 109.3787119435152
10 29 2.009253876532964
10 30 6.539216999325133
10 33 1.531406354442407
10 34 10.20495861049841
10 36 8.013890478194071
10 39 1360.955523573384
10 40 1.466368006402083
10 42 8.314495853629611
10 43 3.676477551395837
10 46 2777.376684670872
10 48 0.505652592085107
10 49 10.31821517879825
10 50 49.10955010885299
10 53 23.86445945810983
10 54 113.9369105334369
10 58 14.57646487871575
10 59 1.035144534058219
10 62 91.48971141575066
10 64 18.60208051893495
10 65 9.460058332886499
10 66 1.061990682045854
10 69 5.090050361989303
10 70 1.59516372131469
10 72 8.94149979112569
10 76 2644.677378230113
10 77 147.7476625687467
10 78 16.12522832360132
10 79 5.7989136376495
10 80 7.355734269115797
10 81 1.042819197161447
10 82 1.515169517355081
10 83 0.5035834480109057
10 84 4.065463261341392
10 86 23.02762918067891
10 87 74.5949343137631
10 93 580.8404951549677
10 95 74.5438780931087
10 96 0.9999140806826811
10 97 377.8343369028874
10 99 0.5287560795515743
10 101 0.5278848825986072
10 102 504.3200283845591
10 106 4.997697352693518
10 107 12.92326678468249
10 110 7.907379934653412
10 113 36.19607794287775
10 114 30.90097989130209
10 116 25.35349845902503
10 117 0.5067112446343598
10 118 2.514855950289021
10 119 49.65336593204962
10 120 2.74226295688298
10 121 557.3617908111149
10 123 3.047641943574065
10 124 45.35372498453552
10 125 2655.03965878396
10 128 0.4985539203185528
10 135 0.5293816250590672
10 137 12.51150535213056
10 138 243.3208795364517
10 139 4.071366539954775
10 140 0.5129185819854644
10 141 1.575108846688668
10 144 4.510892308767992
10 145 3.141818548444908
10 146 1.583518704191848
10 147 57.48611604695089
10 148 1.514317295256755
10 149 0.4931533272186606
10 150 1.516088515549068
11 2 8.248964392130809
11 6 0.4944790845820092
11 7 0.5313928118134325
11 8 3.954169660946442
11 9 3.873550706284004
11 11 17949.63265743434
11 12 0.4922348819804267
11 14 1069.91795416683
11 18 8.18506494482919
11 20 14.94378119526488
11 25 0.4753351700237483
11 30 0.479148940741993
11 31 61.54681373414395
11 33 4.858500089566296
11 36 179.6094462472389
11 37 90.63659438255857
11 38 2.788663847941118
11 41 6.01807243813034
11 42 452.173927502645
11 43 524.1369625776398
11 49 16.68652235453471
11 50 7.94692209253922
11 52 14.19392576360675
11 54 0.9725334703019706
11 56 1292.758879007921
11 57 280.6494169021972
11 58 2.474991942986218
11 59 22.15295018100483
11 62 0.5256270229772373
11 65 8.437544584177658
11 66 534.6751433433891
11 68 2.539613039024198
11 69 2.422713809611539
11 70 1463.675986786928
11 71 156.6527171847305
11 72 0.4734504307658399
11 77 0.5119151452615635
11 78 0.9892760800462403
11 79 3928.607665649485
11 80 41.44754660903382
11 81 2.47871791451744
11 84 6.772970485432684
11 85 0.4807473026590222
11 86 0.9538056773709871
11 88 1042.428731077807
11 91 0.471299744763742
11 93 0.5053205941612576
11 98 16.04530161556655
11 99 170.7957101922925
11 101 2129.08288260549
11 106 1.428504557000041
11 107 0.9473520746309189
11 110 66.62765124784576
11 112 526.6240814792651
11 113 207.4286676583527
11 114 0.9799377878377286
11 116 4.429223705506435
11 117 0.4824422092993517
11 118 0.479130337438908
11 120 34.33229522185774
11 123 9.671447121804409
11 124 47.60867650699952
11 127 1.986469002687113
11 133 0.4325990135826956
11 135 170.4842557483707
11 137 2.383918943873681
11 138 0.5299997074951163
11 141 17.46610301930106
11 145 4.97773918399354
11 146 748.8312968962932
11 147 11.2329796776795
11 148 2.884151561816861
12 11 0.4922348819804267
12 12 25926.55453960274
12 14 1029.734567906529
12 18 387.6771751323479
12 20 7.317255332493167
12 21 188.3470212489314
12 23 640.7826191054639
12 30 0.4695845047227982
12 33 3.332251361344366
12 37 1.520375720208198
12 38 4.102121341124358
12 42 0.4840985527278162
12 47 1.421138855930387
12 49 1.442311297712088
12 57 0.4857030523093919
12 59 7.233178479856344
12 60 0.4682876495010319
12 66 0.4939253385584799
12 70 0.4945523935193691
12 71 1.532588338198078
12 75 4021.196159450306
12 79 0.4906224593657868
12 82 0.4713685595216402
12 84 1.422168115659592
12 90 3.351734972694608
12 98 124.8147934472868
12 99 0.9836985615445066
12 101 1.473309608610886
12 103 170.9301057477487
12 104 5.524191483921002
12 106 2.800459585934523
12 107 0.4643685367333579
12 109 7.427971241077316
12 110 1.962144466413314
12 112 18.76766469936744
12 120 1.0179088359222
12 123 0.4738965492203391
12 136 3.663874769040621
13 1 0.3995133925625532
13 3 3.801590924377181
13 4 4.258475874811015
13 5 0.9399071321593574
13 10 1.050658411071874
13 13 872.9345211038762
13 15 0.9425041577635906
13 16 134.1586902566881
13 19 12.36169008793337
13 24 2.323249701779466
13 25 1.416864090850939
13 26 98.46499950331798
13 28 8.118193557301277
13 30 1.904173747623683
13 34 183.8397319016229
13 39 19.27675746164134
13 40 1.853109471154916
13 45 303.2643224456869
13 48 7.175184986677904
13 53 42.53792464790463
13 54 1.44939890341482
13 55 7.971822869292271
13 60 18.03914013273938
13 61 2.074569423603882
13 62 1.5657115432169
13 64 89.76488892432594
13 72 4.233920716289382
13 73 0.4710788170319633
13 76 0.519457895862889
13 77 2.541669019747022
13 79 0.4977066621765234
13 82 1.911492328249477
13 83 3.811935709321733
13 84 1.44203506674078
13 89 229.7666593452651
13 91 1.404934554599742
13 92 82.23630583240752
13 95 318.7074539568189
13 97 0.5288123995752143
13 100 0.4759580651017786
13 102 21.7991222318892
13 103 1.936718227400031
13 104 0.933172906723608
13 105 26.27916451783747
13 106 0.4731841892002859
13 107 2.824220212362266
13 113 0.4953921763021769
13 118 9.044507132774418
13 119 13.32766030309167
13 120 1.549806681288165
13 121 5.035808991755769
13 122 1.429020435308335
13 125 6.878658541340055
13 126 0.5446906291589186
13 130 20.04770270013208
13 132 3.799915927698223
13 133 8.174100031242686
13 137 2.842581884027421
13 138 17.36473422341782
13 139 5.294640858725796
13 140 687.5194522065703
13 143 3.357228015330255
13 144 0.9488814344277819
13 148 3.820969274141961
14 11 1069.91795416683
14 12 1029.734567906529
14 14 41137.20971238921
14 18 10848.40343217771
14 20 7.056525602288913
14 21 1.827350808026286
14 23 3.025435131222245
14 31 2.362227241592669
14 36 2.393333079392863
14 37 1.464158432610667
14 38 2257.054716677055
14 43 1.414109463151415
14 47 121.1850217363433
14 49 1.855444854614226
14 57 564.8916229057929
14 59 9.769605795566322
14 66 41.89038102828953
14 70 35.269271003429
14 71 56.55969216351227
14 75 21.72473066979678
14 79 48.24264065335489
14 88 1.901182023371403
14 98 3.678372039459946
14 99 108.5887763725192
14 101 394.4130300772398
14 110 9.932123052976284
14 112 4343.96454455077
14 113 6.121380416537461
14 116 0.9301751142675858
14 135 4.746913911748544
14 136 0.3945618891345012
14 146 1.893950537190404
15 1 1.150717379160744
15 4 15.62158143390443
15 5 38.05486258623564
15 6 0.4669184260342702
15 8 5.601352885875536
15 9 25.6360621111088
15 10 0.4977404355501378
15 13 0.9425041577635906
15 15 6159.530734214843
15 16 169.4007820860096
15 17 0.4033711316960381
15 19 25.3741256081216
15 20 0.4702538766832644
15 23 0.8640695262444323
15 24 40.30121783297152
15 25 2285.958113876216
15 26 0.9633662718540144
15 27 6.4642450226896
15 28 412.7564635037065
15 29 16.29509150219483
15 30 308.6440717856501
15 32 0.4033526072202727
15 33 5.511105637704129
15 34 239.6431734135818
15 39 3.950205846635672
15 40 17.66577616603576
15 42 0.9333840355449115
15 43 0.9422933344618705
15 44 6.248079889984417
15 45 3.30105368322945
15 48 566.3974904148311
15 49 13.90991909271838
15 50 5.158276709350282
15 53 2.85169157363296
15 54 22.06262031716578
15 55 5.031532636732654
15 58 10.75113522359274
15 59 1.395026474478531
15 60 65.54227502022968
15 63 11.75718079965366
15 64 34.7632662635429
15 69 15.57537534982739
15 72 34.95417801661035
15 73 699.0670335692217
15 74 2029.220804817757
15 75 0.4620320507326736
15 76 0.4924161005016845
15 77 0.4824696178191308
15 78 6.539533155243321
15 80 2.827985771318262
15 82 26.38301386020731
15 83 935.3755469887918
15 84 17.38176875424069
15 85 637.8702072226578
15 86 19.85579068140206
15 87 19.08032216184397
15 89 61.71800259946487
15 91 468.5163460218058
15 93 2.382745599137479
15 94 12.02767077825128
15 95 5.180591150087958
15 96 1.352221807340307
15 100 13.5930449827438
15 102 1.924625169680976
15 103 0.4605923944132034
15 104 1.333929541551486
15 105 52.77159130466755
15 106 41.45502086795399
15 107 34.52481985519609
15 109 8.965424207159444
15 110 0.9454691056904144
15 113 23.06239500207976
15 114 9.721848960276626
15 115 154.5773112025961
15 116 15.34121536385446
15 117 460.2658084057248
15 118 1986.848711877176
15 119 4.691202531778042
15 120 0.4898917883111557
15 121 0.4781744111268639
15 122 63.03494791106063
15 123 10.05905983035836
15 125 0.5011358000423408
15 126 4.634921494555246
15 128 250.8437725941942
15 130 74.51848139394284
15 131 550.521513554155
15 132 143.3675971160483
15 133 674.8530494517213
15 135 0.4745153551469529
15 136 6.710528239812795
15 137 76.69549759652085
15 139 69.61783510795125
15 140 40.12396497700622
15 143 29.21251624770777
15 144 125.1407389373025
15 145 0.9398061089058933
15 146 0.4733172824006822
15 147 79.38362180664407
15 148 121.8459569207887
15 149 10.23857059089404
15 150 2514.127592942711
16 1 0.3861672199805306
16 3 3.113199958562018
16 4 123.6988724029999
16 9 4.620185656774976
16 10 9.550817119721856
16 13 134.1586902566881
16 15 169.4007820860096
16 16 10662.80054308077
16 17 0.4066743420840479
16 19 73.04890357460737
16 22 3.58425548980223
16 24 31.27805145680356
16 25 88.50934114250856
16 26 45.23141211759339
16 27 0.4660511632942901
16 28 261.025576406334
16 29 9.592338674791323
16 30 36.13195291019701
16 34 149.1942296796745
16 39 23.43877656908169
16 40 3.564605897085413
16 42 0.4711227228314616
16 43 0.475672995924531
16 44 1.260047565024328
16 45 241.8424805382192
16 46 4.501260405173004
16 48 500.8377654934671
16 53 177.5400426950904
16 54 19.02004637807037
16 55 12.70688553314759
16 56 0.9529301918518649
16 58 0.4718788215135859
16 59 1.408113859423517
16 60 18.2455464707212
16 62 0.4995937587157319
16 63 0.8785600475910489
16 64 274.0508386771891
16 69 2.774008876608857
16 72 10.40025098781197
16 73 64.74387835455589
16 74 56.07041610152837
16 76 6.961421328704828
16 77 8.28084624378686
16 82 14.68978169725094
16 83 30.67137945567457
16 84 7.386240700829591
16 85 35.78770757222981
16 86 1.821423272695999
16 87 0.9394738489874767
16 88 0.4796861764105862
16 89 3217.178642192992
16 91 11.25550289929268
16 92 1.622484003058056
16 93 0.9622536675855871
16 94 12.1357843752793
16 95 1865.61812073992
16 97 2.529022146468931
16 98 0.4638678110058235
16 100 1.371725702101918
16 102 61.70017552673126
16 103 0.9297184074676418
16 104 0.4485953981522898
16 105 63.65355611980185
16 106 10.00339495266355
16 107 6.786508102796375
16 109 0.9046478672402729
16 113 1.425397547846384
16 115 48.80283468603913
16 116 0.9384754406303757
16 117 36.82893507655785
16 118 227.7598054271465
16 119 1087.759852933412
16 121 56.96341517213335
16 122 14.18684020660986
16 123 2.307266831111969
16 124 0.4774622439020035
16 125 13.66568900630901
16 126 18.7332341532891
16 128 17.23738899549059
16 130 1127.566183976653
16 131 45.76388437233751
16 132 22.36301172167827
16 133 512.4116218161414
16 137 13.65780788192144
16 138 5.034633176162238
16 139 2227.093214069248
16 140 1461.627341516504
16 143 10.59494126220572
16 144 30.08903448148709
16 146 2.388971017230842
16 147 1.863282465770467
16 148 22.02319492313706
16 149 8.533670483496008
16 150 46.39004906946525
17 5 426.8363604871827
17 9 8.627104821055282
17 15 0.4033711316960381
17 16 0.4066743420840479
17 17 7469.658757564627
17 25 6.470307327974538
17 28 0.4080003517599831
17 30 0.8142621077442971
17 32 349.7882625312802
17 34 0.4116560724032682
17 35 6.220603501201528
17 55 4.023042861018561
17 64 26.38677274163675
17 67 68.23206096565545
17 83 0.4072283784522518
17 91 9.233968578076725
17 98 0.4120695812322367
17 100 3.663625756325685
17 103 0.8261222252319314
17 105 0.4354027419747487
17 111 5.764052828981032
17 129 407.5264801441094
17 133 4.104573572367791
17 143 12.70199811712414
17 148 0.8165633676892717
18 11 8.18506494482919
18 12 387.6771751323479
18 14 10848.40343217771
18 18 78193.88973116485
18 20 4.059309628735537
18 21 17.10270593435481
18 23 4.158029439847329
18 36 0.4585798966836683
18 37 0.9343744166489573
18 38 1980.303294432843
18 41 0.4537659912867588
18 47 652.2639447631776
18 49 0.4449368204653585
18 57 26.94916659040762
18 59 16.95672644426886
18 66 5.017857177307352
18 71 75.77485686348666
18 75 1.773795728598069
18 98 10.58983373601493
18 99 102.7109422131057
18 101 61.72112284133655
18 103 2.652986631491278
18 109 0.4306793470325911
18 110 21.76063250276862
18 112 635.1118995243008
18 113 2.708638535574234
18 116 0.446063385624494
18 120 5.159346730795543
18 135 1.364794773521884
18 136 0.3806978862293384
18 141 0.4517358027481196
19 1 17.94733582213803
19 4 0.530607204383935
19 5 5.154644827375778
19 7 1.051777479205181
19 8 13.70728144750546
19 9 4.796593155838632
19 10 33.51189531252727
19 13 12.36169008793337
19 15 25.3741256081216
19 16 73.04890357460737
19 19 3771.176488415025
19 20 0.9866451946439321
19 22 14.94623518025435
19 24 77.37323946813406
19 25 12.71463274718653
19 27 32.91177198894068
19 28 21.9023149706577
19 29 18.48657932146944
19 30 112.0178028478133
19 33 0.4813395141419462
19 34 776.4724740787645
19 39 18.69559470082065
19 40 188.481531725486
19 43 1.977452145974019
19 44 0.434456780086606
19 45 5.937956875175183
19 46 13.54345718679526
19 48 320.9757240859731
19 49 4.861146444926315
19 50 2.951449186884694
19 53 354.2186868660824
19 54 410.8856589918268
19 55 0.529774654809487
19 58 3.431889817716422
19 59 0.487663609815616
19 60 1.893280789221393
19 62 1.040455270587475
19 63 1.820744131819206
19 64 176.4745767122966
19 69 26.88005147820791
19 72 397.7702213071701
19 73 44.15028583791473
19 74 49.19492544565713
19 76 26.92245605848197
19 77 12.16224959131626
19 78 1.469732729762969
19 80 1.483647590970637
19 81 1.473004711155416
19 82 20.96469638739722
19 83 267.9527417943514
19 84 30.19305455814482
19 85 8.095681662148783
19 86 76.54581770020172
19 87 29.27970277090376
19 89 23.76485746906128
19 91 1.400885441921182
19 93 33.01960009228325
19 94 0.4661832584217121
19 95 867.2226671607906
19 96 8.494792315969073
19 97 4.216453046006926
19 102 887.4450308734283
19 103 3.379140217096777
19 105 3.081687984426573
19 106 36.32668522805294
19 107 100.907894493224
19 109 0.4692594489917775
19 113 6.419622848343201
19 114 11.16248689502175
19 115 7.572661760606187
19 116 3.899632723663087
19 117 18.63709452152679
19 118 76.41594566419013
19 119 432.5671780579609
19 120 0.5150259905213783
19 121 1065.320261394187
19 122 0.4749864944144036
19 123 2.874285168449219
19 125 3.164207710693919
19 128 245.18999807134
19 130 20.46467657507542
19 131 2.350353553093032
19 132 3.788779511413181
19 133 15.44680532970793
19 135 0.4980893550923322
19 137 304.685528575044
19 139 152.6104929048607
19 140 14.01880576735988
19 143 167.8431188891119
19 144 117.3190251351057
19 145 0.4930615735872839
19 147 23.22122850075923
19 148 112.8633412843436
19 149 72.66531526085322
19 150 88.19735510312577
20 3 0.5417161104691215
20 5 7.033971317118206
20 6 359.1891008196951
20 7 1.578900513492904
20 8 5.878882122026842
20 9 85.43956874910612
20 11 14.94378119526488
20 12 7.317255332493167
20 14 7.056525602288913
20 15 0.4702538766832644
20 18 4.059309628735537
20 19 0.9866451946439321
20 20 5956.882975768741
20 23 22.13674209262067
20 25 3.76994521063744
20 27 3.874735137342939
20 28 1.429430222478572
20 29 2.371780428909126
20 30 101.1723751044143
20 31 32.23340247520593
20 32 0.8415664022122756
20 33 371.8165832250403
20 34 4.332870143234288
20 36 12.0662868213166
20 40 10.63261481192488
20 41 5.467012107920482
20 42 150.3719552397282
20 43 300.7893331403467
20 48 0.4773251692376786
20 49 1369.414439344218
20 50 4.430363130746926
20 52 1.506987066077245
20 53 0.4993511087917965
20 54 18.31756518007955
20 56 4.460541731874403
20 57 9.829041485365751
20 58 130.0157703385134
20 59 440.1308316352963
20 60 4.736685353158138
20 62 8.850669804804236
20 63 0.4555021934246846
20 64 0.5003801763867515
20 65 1.044776705059318
20 66 546.8462290272726
20 68 1.006663931708069
20 69 306.4599846851825
20 70 222.7230227988382
20 71 1.551919159122259
20 72 6.102125016859375
20 75 4.36190053441628
20 76 4.145111519516413
20 77 19.27182777086025
20 78 36.7700601510867
20 79 498.4665080944532
20 80 50.48065591340861
20 81 0.4914342189588483
20 82 20.02594385577353
20 83 5.229767817776128
20 84 150.1140128964264
20 85 7.148304872069832
20 86 67.61591786603826
20 87 20.51066777001831
20 88 13.97352678199563
20 91 7.009334393997277
20 93 5.006600432137846
20 96 1.889029478102578
20 98 822.760009519367
20 99 126.9456392077492
20 101 234.6083782201799
20 102 1.517298984388914
20 103 10.14466715714676
20 106 260.1325559610892
20 107 50.72398431438785
20 109 15.96507526175121
20 110 1567.360451094802
20 112 127.576935080662
20 113 1137.59896758408
20 114 10.68487794009014
20 116 99.51320186623987
20 117 41.12684884964461
20 118 8.074498575818279
20 120 3.092042450204659
20 123 315.4380070108845
20 124 5.959880539769196
20 125 0.5278628629081739
20 127 0.4922732415924263
20 132 12.79620418551266
20 133 0.4292289531911138
20 135 878.1442936912185
20 136 5.756055441333644
20 137 25.05375929536628
20 138 8.398602485868615
20 141 7.418553777726938
20 143 2.392642055564824
20 144 5.20737319613594
20 145 119.8839333648295
20 146 95.93286623498467
20 147 481.2203667172304
20 148 150.5912352336369
20 149 37.75635582852816
20 150 1.431247144114836
21 5 1.821656396947717
21 9 2.329419313362597
21 12 188.3470212489314
21 14 1.827350808026286
21 18 17.10270593435481
21 21 25252.88227726144
21 23 373.3507069452478
21 25 1.830405511594586
21 29 0.4605596687291814
21 30 3.68915408881257
21 33 2.337073238266715
21 38 2.239419125902006
21 49 0.4720089639015867
21 59 0.4734059587457775
21 60 63.4660489209825
21 61 2.003962628659547
21 75 1629.452089486568
21 82 3.702879696963967
21 84 3.258415082749756
21 85 3.238330342481859
21 90 0.4704389597017331
21 91 4.085097231496889
21 98 19.17765873507291
21 100 0.4610428091997571
21 103 114.3815880169409
21 104 1060.132642352318
21 106 2.750667501818183
21 109 82.54182425108354
21 115 0.4598709851439839
21 117 2.321017395257087
21 118 0.4611425415864199
21 132 6.442155927558884
21 136 778.2359544154142
21 140 0.4694379782379717
21 148 0.9252356089715744
22 3 496.3156987301612
22 4 0.5779999938091903
22 7 11.4522556574778
22 8 18.54227881934427
22 10 2332.675574890337
22 16 3.58425548980223
22 19 14.94623518025435
22 22 9110.226643303573
22 27 15.17531066518174
22 34 0.519954471673698
22 36 1.089730453137392
22 39 111.2704266946863
22 42 1.589029587511331
22 45 0.5359955140608269
22 46 613.1595295941557
22 49 0.5258294825720912
22 50 10.11867705147856
22 53 7.030051970054927
22 54 31.75634391235984
22 58 0.5306787947254791
22 62 33.38746807119723
22 64 2.168053465367594
22 65 15.90362061658823
22 72 4.047045511830642
22 76 810.6519578800634
22 77 7.700138444512425
22 78 4.241623056866976
22 80 0.5356853631902817
22 84 0.5178189097241519
22 86 4.588739394250672
22 87 40.12545038785488
22 89 0.5131886090428136
22 93 67.25642659980241
22 95 3.210891070736625
22 96 1.018426064543366
22 97 945.3509818012544
22 101 0.5381873465882087
22 102 29.06359667781947
22 114 8.397329944435624
22 116 2.109478838918152
22 119 7.99167222731988
22 120 0.5596197265221591
22 121 35.38823208606811
22 124 6.45235029214693
22 125 1770.221772519647
22 137 3.058350062229767
22 138 73.08414399933716
22 139 0.5185715295745237
22 144 0.5106000862443356
22 147 3.661301243592785
22 148 1.028406374189833
23 5 2.585767122489987
23 6 1.346091959798256
23 9 75.7280190164031
23 12 640.7826191054639
23 14 3.025435131222245
23 15 0.8640695262444323
23 18 4.158029439847329
23 20 22.13674209262067
23 21 373.3507069452478
23 23 53447.62282060178
23 24 0.4263296257510339
23 25 16.45023299059309
23 27 0.8878551022018447
23 28 7.871512805012061
23 29 203.8251567055177
23 30 63.2281932763259
23 31 0.4536034703543527
23 33 493.7652463116724
23 34 6.180757945267629
23 39 0.9469352906967318
23 40 5.529123417859145
23 42 2.242695812391933
23 43 1.357890065520358
23 48 0.4379009973891818
23 49 99.39535126711955
23 54 5.303857667579805
23 58 1.79671873081502
23 59 55.86996952632931
23 60 63.50131792318683
23 63 0.4194136031910258
23 64 1.829142277830291
23 66 0.45692575196553
23 69 23.35026692741891
23 70 2.287409581063792
23 72 0.8626825765445676
23 73 0.8637268944261218
23 75 4902.157939571225
23 79 5.449211973505216
23 80 0.4527713794727785
23 82 154.0326598215858
23 83 4.364522450611801
23 84 463.2582795397104
23 85 11.80903520340122
23 86 11.29030791455317
23 87 3.130995315028544
23 91 6.013828016505193
23 93 0.4576045149819375
23 95 2.262361119629313
23 98 1727.159460934273
23 99 1.820847598699663
23 101 0.4545688034632603
23 102 4.15676892174274
23 103 106.7319492718041
23 104 145.1314398613574
23 106 336.0643700301578
23 107 20.71521098334695
23 109 1021.744022308993
23 110 15.43941493623494
23 112 2.230640706648103
23 113 18.08721539879437
23 115 3.044263420312996
23 116 16.9799644887327
23 117 43.43912462667173
23 118 20.49388417942984
23 120 0.9396736555271386
23 122 0.8726015358283898
23 123 16.27120613509384
23 131 0.432073435854699
23 132 91.8214161481342
23 135 3.189802960672024
23 136 809.1114138233166
23 137 5.643701607212559
23 140 3.103974945254585
23 143 3.951522016499061
23 144 7.390178530290502
23 146 0.9091703333277806
23 147 32.3935523328675
23 148 38.92635823471014
23 149 23.57206399690734
23 150 1.313448704706772
24 1 365.9268440977983
24 6 3.683169776533621
24 8 4.603004982097588
24 9 4.96697132838008
24 10 4.902868018955641
24 13 2.323249701779466
24 15 40.30121783297152
24 16 31.27805145680356
24 19 77.37323946813406
24 23 0.4263296257510339
24 24 8534.237091036013
24 25 59.02327707079225
24 27 59.19961791311018
24 28 208.962058453457
24 29 71.89245367032498
24 30 201.6415906752918
24 33 7.247730759799709
24 34 151.2373433349849
24 39 2.432558942421134
24 40 445.8519267633879
24 43 0.4645562947958394
24 44 669.2716284462136
24 46 0.4879651033567939
24 48 579.3717931499813
24 49 10.51705823953316
24 50 2.774325953913872
24 53 0.937092056927682
24 54 24.93399546075824
24 58 6.913956671307202
24 59 0.4585641209921887
24 60 25.86373712874989
24 63 1006.605035522277
24 64 1.877805784342961
24 69 6.777708096192153
24 72 1164.167142278649
24 73 4907.256070809745
24 74 813.3267638956678
24 76 1.45539756934466
24 78 8.751536256527382
24 79 0.466113931854977
24 80 1.394123842050127
24 82 116.2164532149835
24 83 56.83151541151417
24 84 55.04430601439491
24 85 24.2184041238184
24 86 117.0863024976954
24 87 27.07628808946986
24 89 2.238432497736459
24 91 1.760970597947241
24 93 2.348947829278117
24 94 1054.062850645193
24 95 7.429711292848164
24 96 26.23654873118376
24 102 3.794084669887982
24 106 109.3586543135188
24 107 415.3970175027528
24 109 2.653786205722764
24 110 2.796543555525792
24 113 8.353109681628471
24 114 39.26423813048248
24 115 146.2528420222642
24 116 19.71321180493081
24 117 53.5453636662494
24 118 2302.923575991637
24 119 46.25613582553135
24 121 9.426315408137357
24 122 213.3895867214381
24 123 1.352980913088667
24 124 0.4662642875395503
24 125 0.9871720409501776
24 128 1134.515221085231
24 130 0.4481817390278927
24 131 2117.233434282095
24 132 85.21779041114236
24 133 2.8449437378476
24 135 1.403296319739975
24 136 0.7801935475908569
24 137 125.069001943613
24 139 3.614086800928964
24 140 26.38164739815165
24 141 0.4644287085085991
24 143 2.701466426481305
24 144 2296.630980641566
24 145 0.4633445830965294
24 146 0.9331943347213755
24 147 41.87696784654111
24 148 57.40645990948773
24 149 100.5866354966046
