%%MatrixMarket matrix coordinate real general
%
150 150 12101
1 1 5123.54090337809
1 6 0.999755429027318
1 8 12.25330264550786
1 10 0.5293329321943663
1 19 33.903870802619
1 20 0.5005078006718942
1 24 185.5305374853772
1 25 2.400355866709988
1 27 95.45684836501616
1 28 0.4771752146581147
1 29 16.98360064640603
1 30 157.0296036013181
1 33 0.9850337782303581
1 34 5.859786265808755
1 40 5826.026617020681
1 44 51.55066208726974
1 46 6.303972017920372
1 48 4.819784690779684
1 49 6.431355534435662
1 50 3.558622804950882
1 54 12.85232585702407
1 58 12.08805772750464
1 59 1.990414294649205
1 63 2.787987474486122
1 69 9.341808510422943
1 72 1174.837807585746
1 73 133.7956775039155
1 74 17.95159667904657
1 78 13.61064840437122
1 80 2.048978387143151
1 82 6.784537846056161
1 83 9.690599847541145
1 84 4.822039100302708
1 85 0.4835691520113494
1 86 480.5823660821338
1 87 22.64139863360835
1 88 0.5055460461068373
1 93 1.549275083352252
1 94 3.377583231380549
1 95 0.5045400771190865
1 96 281.0494920891763
1 102 1.523611054391249
1 106 56.76071122178439
1 107 77.36532782901098
1 110 1.007337725738326
1 113 13.18555623522073
1 114 128.2587622396472
1 115 5.660282032045408
1 116 2.49276484549986
1 117 7.239187395409844
1 118 29.24826794956301
1 119 8.561013879279972
1 121 35.98720063519092
1 122 0.4730676370300689
1 123 2.453417304777278
1 127 1.53064201817836
1 128 894.5510958901622
1 131 0.4726072493881467
1 132 3.830805941451187
1 135 0.5081346808247432
1 137 209.6328330162364
1 139 1.003593991896262
1 144 406.247511137718
1 145 3.051084974106602
1 147 37.16098895985832
1 148 14.53118536416697
1 149 300.1594243924918
1 150 17.88043555190557
2 2 3385.285430518515
2 11 31.0393655751499
2 20 1.583772048440241
2 31 0.5383757256967573
2 41 16.30175949452384
2 43 2.148476589950428
2 52 373.0483184227907
2 56 0.533853114467398
2 57 5.496899589250466
2 58 0.5313955763689565
2 59 1.049370241185726
2 64 0.5292724572389279
2 65 2.903213891692483
2 66 48.48228771226209
2 68 2.128268224223401
2 70 316.9892072982386
2 79 28.63925463571276
2 80 3.787070141960267
2 88 5.868882578004999
2 98 5.014322238619696
2 99 1.486818526173512
2 101 13.85354591376775
2 110 0.5313929395810991
2 112 1.011116112449909
2 113 4.282438602753947
2 135 15.01954877806797
2 146 5.932227532579939
3 3 6930.843550672582
3 6 1.681961355592209
3 7 456.7489591595244
3 8 0.5738720240472385
3 10 246.9797653727592
3 13 3.946085702260425
3 16 0.5569775755945537
3 22 512.3381679151576
3 28 0.5321270893845848
3 31 0.5731158812236972
3 34 1.638447097826932
3 36 6.706298240524234
3 39 197.226197289686
3 42 5.663558323347624
3 43 2.859194449571548
3 46 4.149996525649395
3 49 2.770735920421346
3 50 1.714124102641165
3 53 3.978295406506739
3 54 1.10723579746237
3 59 2.788823242982717
3 62 95.17589431055202
3 64 18.57920727600571
3 65 9.321611149153556
3 71 2.333894411374932
3 76 101.1983379478058
3 77 126.9281529742493
3 83 0.5413071747682251
3 86 0.5448902485391297
3 87 1.129402707501883
3 93 10.46710602930322
3 95 1.699569481310463
3 97 1479.209712122535
3 99 0.5249760212288502
3 102 12.55573679232903
3 106 2.168540928925028
3 107 1.087856500770907
3 110 1.130722983484277
3 113 4.558094335330746
3 116 8.38456871546248
3 120 4.04182954953531
3 121 5.69454237014473
3 124 7.496132476920774
3 125 1709.197861706783
3 133 0.5218511225996761
3 135 0.5708231658585203
3 137 0.5380563014853406
3 138 1194.654654335415
3 140 5.753748352225264
3 144 0.5423438870900461
3 147 3.330795556482402
3 148 1.082361707846049
3 149 0.5275373205372712
4 4 6133.961092593381
4 5 27.35191889528518
4 9 0.4785709064298849
4 13 17.66078305728784
4 15 20.56997397103778
4 16 145.9265989038435
4 19 3.092595592658076
4 24 1.492827392534511
4 25 19.33076837338207
4 26 436.3590940316174
4 28 7.880586478609025
4 29 0.5011910851501575
4 30 0.9979391666876593
4 34 11.6025364230226
4 35 81.95404474232937
4 39 1.084105620452599
4 45 567.0463127528005
4 48 9.456357907108085
4 51 984.1379941605352
4 53 11.51348614931599
4 55 1377.589863085757
4 60 0.4859431592631929
4 64 652.1544652774362
4 67 10.47240079578899
4 69 0.4818653847952761
4 72 0.5005781752628956
4 73 1.502012817729578
4 74 6.013300829480269
4 83 8.507068620190617
4 84 0.4979596091607573
4 89 884.0760098789133
4 91 18.74817007622174
4 95 35.48133308377626
4 100 2.389308505011196
4 102 1.050672840919531
4 105 2755.547400117199
4 107 0.5026088738123784
4 108 4.927451048467977
4 109 0.4870079769157887
4 111 9.163394320982128
4 117 14.95131251858823
4 118 17.82130467920231
4 119 4.686964901640916
4 121 0.5242381961509047
4 126 6379.720118330879
4 128 0.5021765594007966
4 130 1005.282927502989
4 131 0.4876974643869227
4 133 192.5133460901774
4 137 0.4976445479566124
4 139 164.9953973371544
4 140 193.3998442009176
4 142 470.4445591716595
4 143 6.98914275876656
4 144 0.501315686470275
4 148 2.001014430414878
4 150 4.990566853799129
5 4 27.35191889528518
5 5 8739.72529109383
5 6 0.4836365131705076
5 7 0.5191453442185416
5 9 1360.16140546918
5 11 0.9223266529838082
5 12 0.9177256459660174
5 13 0.4859357471817241
5 15 31.98447619577484
5 16 2.885929974263446
5 17 146.4897521143631
5 19 4.341571963524219
5 20 19.36716409789935
5 21 1.813348654628096
5 23 5.484915762901962
5 24 0.4667967235880217
5 25 309.7172720932846
5 26 6.810789253175576
5 28 18.02935576522298
5 29 0.9398396229156294
5 30 54.75010126667335
5 32 379.469331763079
5 33 15.73122490001482
5 34 40.65870680075201
5 35 1.108269293058271
5 36 0.4823257456191349
5 39 1.011333703309091
5 40 0.4589178970711927
5 42 7.805466944892378
5 43 11.31424030705161
5 45 4.353249201766574
5 48 1.867428593967006
5 49 13.40578233399911
5 51 3.017714930483318
5 52 0.4916363733102302
5 53 0.978659896566778
5 54 0.9568400699131645
5 55 91.07687728063964
5 58 0.9743337758485343
5 59 16.85162609153365
5 60 17.80155240598464
5 64 70.86363594387352
5 65 2.640885168421444
5 66 0.4882971482137685
5 67 9.680269825903574
5 69 35.77525472453895
5 70 2.448812606416763
5 72 1.408034802173249
5 73 4.694396992557883
5 74 2.818922173707351
5 75 0.4636818218693757
5 77 29.97589608210041
5 79 3.403636393079191
5 82 27.68876932552932
5 83 80.23751170854467
5 84 120.0318060905983
5 85 23.41461846459501
5 86 0.4719626530160919
5 87 0.4866933464195219
5 89 6.743399891750542
5 91 1021.672167371407
5 93 0.4990874989162127
5 95 2.927728276656419
5 98 295.0985665437902
5 100 554.1268930506304
5 102 10.80367276681669
5 103 884.3474559789151
5 104 15.18570653310205
5 105 63.6274059620639
5 106 31.94602439555349
5 107 4.240293692215293
5 108 3.416458070161967
5 109 75.01201488092306
5 110 0.9743281612019522
5 111 1.69517681697685
5 113 3.432781909180135
5 115 1.371468583286545
5 116 4.823578017437693
5 117 264.5655385589506
5 118 22.75998402926607
5 120 1.325369182004913
5 121 1.96058881640733
5 122 1.833819240671834
5 123 52.24924512377739
5 124 0.4954946462470146
5 126 0.9877081369864706
5 129 2.046900800643382
5 130 27.31562307816517
5 132 49.17241577528738
5 133 123.6236030519671
5 134 0.5336385493761688
5 136 12.88741679123764
5 137 5.134448259017339
5 140 15.93885023878799
5 142 7.853953210531005
5 143 1144.226729618522
5 144 2.819960198532215
5 146 0.4937581675141913
5 147 12.94628354646302
5 148 48.78430324968694
5 149 0.9176920216062745
5 150 28.54963925693634
6 1 0.999755429027318
6 3 1.681961355592209
6 5 0.4836365131705076
6 6 9294.038476506748
6 7 1.125297282215603
6 8 14.38445605120279
6 9 23.63063166565234
6 10 1.659961941882316
6 11 0.4951702857493389
6 19 2.078950842822755
6 20 741.4957984835075
6 23 3.923765280433448
6 27 6.218440210770504
6 29 38.90515897635523
6 30 48.28903594789467
6 31 71.83421672523939
6 33 902.1015392201921
6 34 0.5085957509546668
6 36 3.117749798356684
6 39 1.640632494715614
6 40 109.3458825264474
6 42 6.838877852230898
6 43 13.80126394175835
6 46 3.842134142623769
6 49 777.9521299819164
6 50 6.364627843129598
6 54 34.51215668716772
6 56 0.5276409766822817
6 58 218.5117294550942
6 59 49.27368587343288
6 62 9.968089552002914
6 63 0.9660371369889413
6 65 1.719943248159238
6 66 52.65584687103156
6 69 104.4060230760514
6 70 14.79235730322587
6 72 14.63450040647886
6 73 1.514237233921492
6 76 9.917092376681225
6 77 16.73289165674451
6 78 340.6766943835805
6 79 39.31521401454179
6 80 43.83749336053461
6 81 2.149210333434762
6 82 11.60517138644062
6 83 12.10763456563685
6 84 18.57298325357187
6 85 5.034088093813119
6 86 310.6550422179514
6 87 24.13592257128112
6 88 1.054575043535465
6 93 4.852357118787651
6 95 2.104791436483099
6 96 9.655371148697323
6 97 1.674712637986952
6 98 17.85334569109018
6 99 7.84362959481326
6 101 9.639343016998692
6 102 2.119300080067756
6 106 476.3489572945246
6 107 44.59003754298737
6 109 0.9816851405978321
6 110 596.7023378253599
6 112 5.499538076432575
6 113 421.6465489963765
6 114 73.65524189496055
6 115 1.471728744813762
6 116 63.92379070806258
6 117 5.52650954490156
6 118 7.984258971583638
6 121 2.114928171615263
6 122 0.4920599001463225
6 123 16.86818327423381
6 124 4.814576477405131
6 125 0.5584122606753614
6 127 4.791502204529246
6 128 0.5062730245480906
6 132 2.989947961556812
6 135 458.0252460404844
6 137 30.6008902043296
6 138 3.333376396619153
6 141 13.23288603898659
6 143 2.013109086738644
6 144 18.19396068513104
6 145 761.3212981006535
6 146 26.64630533895553
6 147 206.5475808315584
6 148 31.77207075322342
6 149 128.0433761519628
6 150 2.012422292351742
7 3 456.7489591595244
7 5 0.5191453442185416
7 6 1.125297282215603
7 7 5857.523554006801
7 8 1.152419200382084
7 10 21.61250582034723
7 11 0.5324379856972696
7 20 1.690496721891865
7 22 38.16881229513466
7 30 0.5415158361110909
7 33 0.5532366648491887
7 34 2.740403230019812
7 36 172.1995761142536
7 37 2.818404366367757
7 39 30.23231987808629
7 42 15.91610770615564
7 43 35.01327091518255
7 46 2.975723949945491
7 48 0.5400343154980858
7 49 6.673917372654392
7 50 0.5732579632478219
7 51 0.5887381172440294
7 52 1.147029811236926
7 54 3.889643422656854
7 55 1.660743566819197
7 56 3.99221898705989
7 58 0.567306568512296
7 59 2.799020500257003
7 62 646.6154322175524
7 64 37.86060905289754
7 65 763.7284895039033
7 68 1.136338655691747
7 69 0.5214488491339601
7 70 0.5708291248756672
7 71 11.23688549986378
7 76 68.72511079184706
7 77 105.7877293249315
7 79 2.264899322722394
7 80 1.73535652131194
7 84 2.702013567258819
7 87 2.267212621485922
7 93 4.669725302839406
7 95 0.568392846120075
7 97 330.351419735273
7 99 2.634086504173581
7 102 12.60277185658185
7 106 4.352558107394061
7 107 1.637744316745686
7 110 5.107494571100111
7 112 0.5380014311826908
7 113 2.859519527769339
7 116 1.683121605853675
7 117 1.081781696207603
7 120 10.13812101315194
7 121 1.143027271673577
7 123 2.20418061000496
7 124 13.89209814695392
7 125 138.2967900759211
7 130 1.091239609165216
7 135 1.719613146632441
7 138 475.7651556132392
7 140 0.5248071197861968
7 141 1.144368271156807
7 143 1.625803977197139
7 146 1.729449447155049
7 147 2.228406767821487
7 148 4.888124862248645
8 1 12.25330264550786
8 3 0.5738720240472385
8 6 14.38445605120279
8 7 1.152419200382084
8 8 32891.92789869445
8 9 0.9844058903281337
8 10 43.04752022139459
8 11 10.61815580403443
8 15 3.100440874036964
8 19 5.8443511574533
8 20 8.002009767634535
8 22 14.85352065002618
8 23 1.001499598224723
8 24 5.123929143375673
8 25 0.5103263505867008
8 27 275.9696894445722
8 29 0.5161674132765073
8 30 76.56018902098251
8 31 874.0277193648092
8 33 14.68326479967106
8 34 1.039289393840523
8 39 1.119258292228769
8 40 243.4104990320595
8 41 171.9235002831692
8 42 37.65387478495457
8 43 74.37490820799788
8 44 0.5173913518517183
8 46 90.44662346336092
8 48 4.612416731239652
8 49 90.62846983108533
8 50 2455.576396647193
8 52 2.169930585073729
8 54 57.38394286440328
8 56 35.07371625045202
8 57 0.5047096141589268
8 58 3265.42086046741
8 59 29.15978344976001
8 60 0.5000177311848258
8 62 10.20456088299857
8 65 2.936832435732728
8 66 37.68971473424504
8 69 54.5250345479111
8 70 46.46111156424276
8 72 59.80095024047925
8 73 24.23497483308172
8 74 5.67710972516521
8 76 69.9317115950176
8 77 4.97019644877647
8 78 1904.58681342107
8 79 327.4709065953105
8 80 10259.27168906784
8 81 2570.842499537998
8 82 7.216419565230181
8 83 15.46103037881247
8 84 6.665665257265869
8 85 6.685157767470147
8 86 649.8355716678052
8 87 2887.316072845367
8 88 98.67406541277194
8 89 0.5303738362853236
8 93 133.4862149268874
8 94 0.5130867032766115
8 96 110.5939974306188
8 97 3.429589119751862
8 98 0.506448541542878
8 99 15.51534229804004
8 101 64.27422160891207
8 102 1.625608920873395
8 106 55.21765487467778
8 107 64.71040272688862
8 110 170.788941935845
8 112 0.5106538902059613
8 113 6641.036158098429
8 114 4507.408084840574
8 115 0.5008809057680707
8 116 139.7211718334844
8 117 1.539621081308232
8 118 21.40576354498046
8 121 2.703537020786095
8 123 10.96906612257158
8 124 197.5396851674991
8 125 7.434963146428617
8 127 5240.457205061273
8 128 57.92891578617444
8 130 1.034908084802814
8 131 2.007444054326643
8 132 1.017880496128614
8 135 447.2738918794137
8 137 226.485500275903
8 139 2.674719388632134
8 141 259.8272200933783
8 144 51.63084721639143
8 145 2465.505420672607
8 146 3958.923392928731
8 147 1077.186918286721
8 148 34.51776192247612
8 149 59.83764013673353
8 150 56.53169441835514
9 4 0.4785709064298849
9 5 1360.16140546918
9 6 23.63063166565234
9 8 0.9844058903281337
9 9 19501.09500242138
9 11 1.379697983670735
9 12 1.372811973494166
9 15 20.17091527357753
9 17 2.518380094460689
9 19 8.659167434706157
9 20 69.52811158241282
9 21 0.4521708082285998
9 23 73.85166659082847
9 24 5.120510405141095
9 25 538.0079239438661
9 27 1.43920607553569
9 28 66.85452221345842
9 29 149.4925536433562
9 30 1565.285905706511
9 31 0.9832888467538797
9 32 40.03119802917809
9 33 346.565708107106
9 34 199.9125913206549
9 37 0.4123357810373526
9 39 1.512604998387915
9 40 73.22732146748221
9 42 20.43206571199357
9 43 29.92268963806288
9 48 10.24278772324646
9 49 380.5352097411284
9 52 1.96092692589558
9 53 0.9759126165753321
9 54 41.98366989448168
9 55 6.182012007978103
9 56 2.439263327145984
9 58 30.60481384460086
9 59 266.959234083916
9 60 43.2495435129875
9 62 1.020174164056605
9 63 2.696403792671639
9 64 19.36062912351465
9 66 1.947619636952364
9 68 0.4862628384310106
9 69 2369.029745123011
9 70 3.907092143724954
9 72 23.87263039488066
9 73 11.70462966554735
9 74 4.685568448782755
9 75 3.236632204083358
9 76 0.5076833582430023
9 77 11.95604877292649
9 78 3.889559631209237
9 79 17.45557886802186
9 80 8.394028614026395
9 82 541.5183886963334
9 83 654.6773595839323
9 84 4355.215503951296
9 85 246.127923407652
9 86 131.7806136943207
9 87 7.764790496706571
9 88 1.462569960731453
9 89 1.440995762773001
9 91 426.3577795956131
9 93 0.4976574215537873
9 95 2.432978172131762
9 96 8.480557512788318
9 98 925.3211768691232
9 99 0.4557074416547406
9 100 40.00648507799002
9 101 3.292886871273426
9 102 1.958809122343061
9 103 501.7756739120229
9 104 6.682239814818396
9 105 1.359842420911052
9 106 1893.31400321813
9 107 112.7689289826817
9 109 433.8366869050341
9 110 18.45996453487359
9 113 108.5615364134684
9 114 7.249730389581966
9 115 10.03121049444663
9 116 26.93765066715303
9 117 3408.213715112865
9 118 210.7795924140069
9 119 0.485746862922016
9 120 3.084839668663386
9 121 1.466270260913586
9 122 1.371632017006326
9 123 799.1286398312349
9 125 0.5141188318266665
9 127 0.491900119731307
9 128 9.859260967067959
9 130 1.878812163646387
9 131 1.370343083494011
9 132 245.6710338041449
9 133 31.73218283550888
9 135 10.28872362645614
9 136 17.83381529055602
9 137 244.3997559238799
9 139 0.9681218532093603
9 140 7.267119449615227
9 143 903.0239827395852
9 144 80.62287365863872
9 145 3.922382250672493
9 146 9.846665336918276
9 147 219.9575390555948
9 148 2107.517792839672
9 149 174.3486718070085
9 150 133.0301556841386
10 1 0.5293329321943663
10 3 246.9797653727592
10 6 1.659961941882316
10 7 21.61250582034723
10 8 43.04752022139459
10 10 12437.55829257557
10 13 1.669015422840501
10 15 1.072021326720132
10 16 19.24605012940934
10 19 34.7586025184623
10 20 3.878388561673056
10 22 3212.874514132014
10 24 1.062683477065677
10 27 113.297719909939
10 28 2.627889776694064
10 30 3.197511845813438
10 31 1.69710728112188
10 33 0.5441923943165738
10 34 9.165902135080954
10 36 9.37683236706083
10 39 813.5733670940708
10 40 16.67769594123883
10 42 11.17698185413712
10 43 7.89905090047417
10 46 2651.436411832134
10 48 7.972022758894999
10 49 9.84563725666629
10 50 26.49516704556649
10 53 94.77399134677279
10 54 109.300290534123
10 56 1.682089332618591
10 58 29.01370220751606
10 59 2.201963269431546
10 62 111.5564768846176
10 63 0.5104939995220829
10 64 16.66847069308857
10 65 8.573953041214951
10 66 0.5592579372260946
10 69 0.5133968863091486
10 70 0.5612118241703942
10 71 1.385002812863769
10 72 15.50715592217742
10 73 0.5347851244009123
10 74 2.141334670652662
10 76 4409.745315155554
10 77 515.7562569051316
10 78 13.40368919194227
10 79 4.45384620627285
10 80 10.8011620097193
10 81 0.5713568817794227
10 82 2.673277956393864
10 83 0.5344945468122608
10 84 3.722178928349309
10 86 61.87734933989383
10 87 107.5598274182776
10 88 0.5600883620169497
10 89 2.202996673190107
10 93 487.5936248433804
10 95 76.02545249605328
10 96 6.464446131794046
10 97 605.386276242595
10 98 1.049893609559087
10 102 492.7195935374806
10 105 0.5154872636021479
10 106 6.958770769800243
10 107 19.33370207923306
10 110 10.04287447378986
10 112 1.058932174742457
10 113 39.35455043988797
10 114 41.04708142443212
10 116 24.27366457626417
10 117 1.064426897547164
10 118 2.113645972351371
10 119 64.15332808790667
10 120 0.4993003137258478
10 121 760.7758184782248
10 123 0.541969911256787
10 124 53.47563167924059
10 125 3164.776208180864
10 127 2.263840420482233
10 128 1.073072720589989
10 130 1.073582373478855
10 135 2.817132759218515
10 137 9.033455034105749
10 138 212.6086827872564
10 139 8.89054622781781
10 140 2.583371881954138
10 141 3.937660919510132
10 144 4.820156045258255
10 145 11.8419950676873
10 146 1.133110572316925
10 147 38.90208284566771
10 148 3.74060912308529
10 149 5.210972169053261
10 150 0.5329483511716618
11 2 31.0393655751499
11 5 0.9223266529838082
11 6 0.4951702857493389
11 7 0.5324379856972696
11 8 10.61815580403443
11 9 1.379697983670735
11 11 14778.68216322979
11 12 0.4692792509329103
11 14 123.5326399357154
11 18 1.889962554331099
11 20 29.24937064055403
11 30 0.9575358733051309
11 31 75.75467525019619
11 33 0.4879493861612653
11 36 79.00281921581174
11 37 95.73120714050668
11 38 25.18387811492013
11 40 0.9385723758996177
11 41 14.77198450310318
11 42 120.4019886807887
11 43 206.0856292995777
11 47 21.69732129293456
11 49 11.27200362661137
11 50 5.538342030683213
11 52 29.20562535557566
11 56 1259.116753681417
11 57 1983.51507836592
11 58 5.986441735155056
11 59 11.33705205522308
11 62 3.147249608325263
11 65 3.793869088357885
11 66 463.0324765888853
11 68 4.494758912064657
11 69 0.4629961763267892
11 70 1248.490143059887
11 71 89.14149123225477
11 77 1.023852039158567
11 79 4394.016228289544
11 80 87.75985326930798
11 81 3.568075381999714
11 84 0.4778469845732262
11 86 0.4829454560849125
11 87 2.491777490217501
11 88 1336.373571723774
11 93 0.5113711686037226
11 98 25.50572190965024
11 99 409.6966874757096
11 101 2347.198542797361
11 103 1.336912084706494
11 106 3.845488059743658
11 107 0.4821301691903851
11 110 53.37875883309717
11 112 79.01322903510805
11 113 219.9954455604693
11 114 0.4962845194070968
11 116 5.926182820952156
11 118 0.4751688753342448
11 120 9.931322724051746
11 123 3.402880060493657
11 124 22.84163682092472
11 127 1.515865334596051
11 135 195.7618615589672
11 141 18.59318050857183
11 144 0.4809390799027145
11 145 4.532586166804292
11 146 1869.325945254668
11 147 5.890023172433158
11 148 1.919783239055612
12 5 0.9177256459660174
12 9 1.372811973494166
12 11 0.4692792509329103
12 12 2523.644602795059
12 14 6.602622003618798
12 18 18.06897555750061
12 20 25.14774958945172
12 21 29.97236070650475
12 23 102.3011420321594
12 33 4.853316694768614
12 34 0.4813339274125951
12 37 123.8390114471076
12 38 53.62827916400479
12 42 0.4969474458338251
12 47 1.157341850411255
12 49 0.487550676230079
12 56 0.4983786920071757
12 57 0.4684804571087975
12 59 6.37374070567775
12 60 0.9287819185867857
12 70 0.4989338319649694
12 71 43.53020769335541
12 75 259.4744738207337
12 77 0.5091293842623261
12 79 0.4952801877453266
12 84 1.425971632194026
12 98 59.67860904693118
12 101 0.4802098057628185
12 103 14.63537850132518
12 104 2.271058073220146
12 106 0.4782453376523164
12 109 0.4654031408526213
12 112 34.09445219584139
12 113 0.4995956386765503
12 120 4.043008493127216
12 136 0.422301118831274
13 3 3.946085702260425
13 4 17.66078305728784
13 5 0.4859357471817241
13 10 1.669015422840501
13 13 6044.438884040731
13 15 0.5083181685486799
13 16 130.7110908451114
13 19 1.567241199228892
13 22 3.366313957800512
13 23 0.9856888532363939
13 24 1.512339635205603
13 25 4.016894161091477
13 26 320.5380272598101
13 28 8.98032605075252
13 34 34.75749190847537
13 39 6.597597658451978
13 40 0.4949577543598491
13 45 502.9692872229221
13 48 2.521045016669993
13 51 2.732964634626926
13 53 55.17544646014683
13 54 3.106372133725399
13 55 171.7932751664662
13 60 5.413198322084926
13 64 59.95172109228957
13 76 0.5538172323016217
13 77 5.426496490582448
13 82 4.563724146795431
13 84 1.513366721888512
13 87 0.5273696263467627
13 89 260.775587559833
13 90 4.062194583752997
13 91 9.249026945576121
13 92 74.78702577490438
13 93 0.541928160824403
13 95 395.6422528025838
13 96 0.5107195548066913
13 100 4.828977391201238
13 102 11.18466567919768
13 103 8.906386178342045
13 104 7.69145087791677
13 105 48.00305029484272
13 107 1.018464154359393
13 109 1.972841471810316
13 117 1.514695962422458
13 118 3.510285710522735
13 119 21.11606637962014
13 120 12.82883530869278
13 121 2.12593802772653
13 125 2.246437151442059
13 128 1.017575268925556
13 130 26.97806103064098
13 132 3.505403422240944
13 133 9.307066213551469
13 134 944.6012329303317
13 138 4.468490077931043
13 139 12.62230800446836
13 140 1341.077158633715
13 142 1.142036298268161
13 143 1.011541684787076
14 11 123.5326399357154
14 12 6.602622003618798
14 14 1152.984356369891
14 18 271.6546031936549
14 20 3.897604153177912
14 36 1.72634647407096
14 37 69.46514921804933
14 38 1949.88494754919
14 43 1.317693179273227
14 47 214.7621899728271
14 57 743.800090706221
14 59 1.723738688918907
14 66 25.30742529848148
14 70 38.06501146357174
14 71 88.00753484884949
14 75 0.4165626659591115
14 79 9.99809524903629
14 88 1.310448949229224
14 90 0.4216248676991318
14 98 4.565814716992391
14 99 39.46455455297779
14 101 78.26337634352225
14 103 5.126698719963661
14 110 4.789763322301634
14 112 231.1040952158758
14 113 3.066253638412731
14 120 1.196464103703624
14 135 3.510333624715498
14 146 2.64401758868865
15 4 20.56997397103778
15 5 31.98447619577484
15 8 3.100440874036964
15 9 20.17091527357753
15 10 1.072021326720132
15 13 0.5083181685486799
15 15 7768.8763054007
15 16 218.7820318114151
15 19 24.71951685929075
15 24 43.86583654003404
15 25 1727.510493755627
15 26 17.81334562804481
15 28 326.1906798197535
15 29 24.54114405639741
15 30 306.4146682080341
15 32 0.4758316862055967
15 33 3.98606561579524
15 34 246.4893749049238
15 35 0.5832442924539134
15 40 21.06811771248762
15 42 2.041744066099067
15 43 3.089487092263368
15 44 14.75791343508456
15 45 20.74186796631295
15 48 765.8456124610808
15 49 16.51709321042624
15 50 3.087042065637418
15 51 2.63500964044348
15 53 5.63259372519067
15 54 13.00288669421307
15 55 8.472891443315664
15 58 4.077459602893315
15 59 0.503482041251889
15 60 60.47386445127639
15 63 8.456376535637879
15 64 63.46594059030405
15 69 14.16762690007539
15 72 24.51173116423863
15 73 1010.581493588789
15 74 3054.45758799334
15 76 1.067635524460205
15 77 1.046623214955923
15 78 1.020242032680589
15 80 3.110852534546959
15 82 26.46939174334549
15 83 1217.386169141899
15 84 17.07024693834673
15 85 479.7835414647685
15 86 16.76323978406905
15 87 13.2376969465916
15 89 42.30965225433633
15 91 322.7630911389731
15 93 1.045463468307374
15 94 4.392260358247409
15 95 23.99667271884003
15 96 1.480717660434486
15 100 14.49247220930839
15 102 0.5139729318918835
15 104 0.93105176671235
15 105 81.5338931522965
15 106 44.16393974762209
15 107 18.70307795396691
15 109 10.97534076342145
15 110 1.529049677047957
15 113 31.30741426168881
15 114 4.055680548616277
15 115 110.1771175574156
15 116 12.10658931468638
15 117 501.8014724161206
15 118 2014.394490836147
15 119 12.74002572887949
15 121 2.564768652582535
15 122 36.83134655831476
15 123 3.474708625556461
15 124 0.5187779145986355
15 126 7.238169959098772
15 128 481.442674684943
15 130 92.49241390689663
15 131 343.1034605887732
15 132 143.3459482265052
15 133 540.8907669439614
15 135 0.514245422673164
15 136 3.888207413694886
15 137 99.43318663859442
15 138 0.5380548518930125
15 139 140.6503627784866
15 140 57.47698834525006
15 142 0.5495995613913676
15 143 27.87020965606684
15 144 141.3915455606735
15 145 1.029275237057969
15 146 1.550679673441786
15 147 32.58426765311232
15 148 78.38921438280845
15 149 13.88366532252709
15 150 2848.162917017455
16 3 0.5569775755945537
16 4 145.9265989038435
16 5 2.885929974263446
16 10 19.24605012940934
16 13 130.7110908451114
16 15 218.7820318114151
16 16 13102.84012192552
16 17 1.628817435727834
16 19 90.42965831299671
16 22 1.108917530009912
16 24 38.41007310851711
16 25 102.3551915429474
16 26 50.057184455166
16 27 3.091330629890197
16 28 217.7369557468335
16 29 15.07257468601035
16 30 29.01117185874326
16 33 1.530639195266374
16 34 169.9186179299788
16 39 9.783368900682607
16 40 2.449242066190195
16 42 1.045959859078212
16 45 165.3135619376369
16 46 1.090989957065125
16 48 399.6395154461264
16 49 0.5125778153202954
16 51 4.863547049256073
16 53 249.7502545659774
16 54 7.682333148004347
16 55 42.87082183429086
16 60 21.91866597532053
16 62 1.100699956545395
16 63 12.97100120386092
16 64 409.355121809827
16 69 0.9659924334895383
16 72 8.028834438809207
16 73 70.26715721855632
16 74 64.3003952749666
16 76 21.90343124730994
16 77 7.51132286765564
16 82 9.533027212899913
16 83 66.71989335712006
16 84 1.996680627701583
16 85 28.03293541619171
16 86 1.514216857826241
16 87 1.043243686108629
16 89 1929.478327932485
16 91 47.70466273801149
16 93 0.5358481771582677
16 94 1.498466726842721
16 95 1846.630477168969
16 96 0.5053098704777368
16 100 2.793260467467769
16 102 44.24387863102061
16 103 3.713528335283292
16 105 137.6939325964636
16 106 8.539112202086912
16 107 5.038460822698695
16 109 6.345967999337288
16 113 1.57781256520208
16 114 0.5193210595899284
16 115 4.878959149109108
16 116 1.033383695159511
16 117 47.96169917163859
16 118 220.3325050057251
16 119 1896.83428395421
16 120 0.9409395939261045
16 121 142.4458484587771
16 122 6.85071198860506
16 124 1.063499250132263
16 125 8.32646888232197
16 126 24.3750448670717
16 128 27.68759439028901
16 130 1296.358988147627
16 131 25.41986934761498
16 132 22.3003461342769
16 133 568.7386131174986
16 136 0.8820464231284373
16 137 15.46440699583738
16 138 3.312760241410003
16 139 3248.016648331512
16 140 1032.4728226383
16 142 1.692976172299776
16 143 11.51044637940043
16 144 23.11709534519085
16 147 1.540215283466941
16 148 7.020809683702303
16 149 3.428412848440589
16 150 96.55501454061442
17 5 146.4897521143631
17 9 2.518380094460689
17 16 1.628817435727834
17 17 648.4801108658046
17 25 4.704101764276469
17 28 0.5191681456846426
17 32 9.205335518362638
17 35 95.70038291538746
17 51 1.142017713715046
17 55 6.989224186535176
17 60 0.5118297426924711
17 64 20.29428647024764
17 67 100.7223404031096
17 82 0.5280035353675621
17 83 1.055907274871589
17 91 12.14623366210692
17 100 17.86701297597862
17 103 3.406369835403158
17 104 0.499543331665696
17 105 4.584392131513092
17 106 0.5286248042003122
17 108 8.557041197416734
17 109 0.5130100275800139
17 111 11.74375019913484
17 118 0.5219366591532363
17 129 19.80097868630711
17 130 0.5300950864679066
17 133 7.640992599003
17 140 2.552583535731505
17 142 7.173992891636673
17 143 12.11282437994236
17 148 0.5277246041876918
18 11 1.889962554331099
18 12 18.06897555750061
18 14 271.6546031936549
18 18 960.6378838839203
18 23 0.3751548238142781
18 36 0.392034805943867
18 37 8.285732605730654
18 38 4977.699023063929
18 42 1.583173135981224
18 47 627.4517175625427
18 49 0.3897019961494828
18 57 10.19197872782941
18 59 1.566370502408482
18 66 0.3959854221525558
18 70 0.3969706357523025
18 71 99.19146142682628
18 78 0.7912444672469146
18 79 1.973467664228636
18 84 0.7640473646352262
18 98 3.027752162397984
18 99 19.8809876789479
18 101 7.316424596490904
18 110 3.162523879239142
18 112 28.93944477735389
18 113 1.192174294941023
18 120 7.662967560615487
18 135 1.592322952082937
18 141 0.3975462211200181
19 1 33.903870802619
19 4 3.092595592658076
19 5 4.341571963524219
19 6 2.078950842822755
19 8 5.8443511574533
19 9 8.659167434706157
19 10 34.7586025184623
19 13 1.567241199228892
19 15 24.71951685929075
19 16 90.42965831299671
19 19 10071.61382768924
19 20 0.5203921654544548
19 22 12.24004120697719
19 24 50.53430932807758
19 25 7.475500389511026
19 26 1.569255549514075
19 27 28.94205108088358
19 28 16.34200163386763
19 29 24.69344916635758
19 30 153.0213384041057
19 33 5.629647392682604
19 34 808.5722781324829
19 39 10.90619226857082
19 40 291.8320159216716
19 42 0.5246162178229288
19 43 0.5293286568360891
19 44 1.515350760065671
19 45 4.678669630451901
19 46 22.98779548571513
19 48 413.3576793470785
19 49 11.82603677036887
19 53 954.2787359602959
19 54 762.9082043483666
19 55 3.071694862854599
19 58 4.190756062350051
19 59 1.034560792404624
19 60 0.9770548601113946
19 62 4.417607002384869
19 63 0.9636366723831064
19 64 273.9370914555786
19 69 34.87634454582375
19 72 463.0615663636411
19 73 58.90181562001116
19 74 59.96125404567133
19 76 34.06267692527464
19 77 9.688691137665069
19 80 1.066235802837346
19 82 13.58809735656599
19 83 1508.01648811837
19 84 21.52911160369433
19 85 8.535777062118409
19 86 104.2937348680023
19 87 23.54751983482338
19 89 24.32318747294898
19 91 3.866187491438927
19 93 17.74262295229262
19 94 1.00201061304524
19 95 1632.597097395002
19 96 23.31508148849444
19 97 2.783017998861029
19 98 0.4946851329574706
19 102 1113.321642349005
19 103 1.39641744175513
19 105 0.4862873538452215
19 106 83.63540258126483
19 107 75.30214121587565
19 109 0.4896212388576755
19 113 1.582840097654663
19 114 11.46149337409731
19 115 6.361470405685849
19 116 4.66483822037284
19 117 13.02892104536302
19 118 50.7690793365495
19 119 554.6650002763325
19 121 2136.109297089299
19 122 0.9815935764914846
19 123 1.529453105821622
19 124 0.5334236323699327
19 125 5.569743759371476
19 126 1.063157816711949
19 128 223.1853933363168
19 130 38.89830946941942
19 131 4.41261524941739
19 132 2.485250259542495
19 133 35.98476821723206
19 137 786.561684993767
19 138 2.215695272430552
19 139 295.8726399278225
19 140 21.4412646378266
19 143 275.0800489229573
19 144 101.318920957734
19 145 3.174606122800782
19 146 0.5314150278249961
19 147 29.35475315675693
19 148 158.9508206693044
19 149 111.0170604509691
19 150 72.76108976030022
20 1 0.5005078006718942
20 2 1.583772048440241
20 5 19.36716409789935
20 6 741.4957984835075
20 7 1.690496721891865
20 8 8.002009767634535
20 9 69.52811158241282
20 10 3.878388561673056
20 11 29.24937064055403
20 12 25.14774958945172
20 14 3.897604153177912
20 19 0.5203921654544548
20 20 5475.655037475245
20 22 5.028541187162573
20 23 16.69598931926525
20 25 1.500806205149739
20 27 1.037723252177029
20 28 0.9941918466260882
20 29 4.047140033928317
20 30 98.20912285409933
20 31 47.42001782518447
20 32 0.9798819249606616
20 33 754.7593330624708
20 34 5.60153196496664
20 36 20.81145630649002
20 38 0.4035589218346036
20 39 1.095135534641527
20 40 6.410941033721119
20 41 8.064742488408507
20 42 150.1251870918656
20 43 191.34582049112
20 46 2.748082882483856
20 48 1.004708460066068
20 49 1498.007223195985
20 50 4.779773632912406
20 52 5.311596520509089
20 53 0.5284352975751107
20 54 14.44138219517132
20 56 4.226875717826108
20 57 6.927983111726839
20 58 156.7330710866287
20 59 531.2807873715758
20 60 1.471014322385185
20 62 23.29128025425047
20 65 25.25990166831876
20 66 567.8437093963676
20 68 0.5264322953039017
20 69 297.0620973597289
20 70 148.6460568290032
20 71 2.197794080187961
20 72 4.547411742891152
20 73 1.010751425895646
20 75 4.986112221153517
20 76 6.068909716770408
20 77 23.78131349684719
20 78 56.85331770087556
20 79 481.8387056028213
20 80 56.7431826326636
20 81 1.614137857856254
20 82 17.68201650030435
20 83 5.556245594147874
20 84 142.2344115983038
20 85 7.056515799674068
20 86 74.711594210515
20 87 22.06581705921847
20 88 15.83968981481803
20 91 11.15621282292798
20 93 3.779087979135296
20 95 1.053757409189186
20 96 1.526458564725064
20 97 3.354055831728851
20 98 664.3630394597262
20 99 161.9715062785438
20 101 209.2843596092883
20 102 1.061029540491373
20 103 4.67134892776178
20 106 345.442734245716
20 107 41.09439438013776
20 109 12.77712738714068
20 110 1731.945857146899
20 112 174.7014807193079
20 113 998.5495952986618
20 114 20.92216639934742
20 115 0.4912036743440947
20 116 97.83022593990185
20 117 27.16387851452962
20 118 10.99190809410787
20 120 6.628880760831941
20 123 228.2647188505275
20 124 6.427858651994043
20 125 1.11859550428002
20 127 3.198609319657248
20 128 1.01379683677659
20 132 6.486235917050465
20 135 949.0996940486112
20 136 3.549369631739555
20 137 21.09556806258713
20 138 4.450274415488893
20 141 14.31015228806906
20 143 4.535118466116015
20 144 10.62644626681507
20 145 190.1812916395085
20 146 98.72111283594847
20 147 422.4114006998636
20 148 97.45478419657047
20 149 29.09132106914155
20 150 4.029841138260815
21 5 1.813348654628096
21 9 0.4521708082285998
21 12 29.97236070650475
21 21 71641.34798494155
21 23 843.3476590854573
21 25 11.68465112846279
21 28 1.393786178332518
21 29 0.9446289613211276
21 30 1.881365487312131
21 33 2.874952824782155
21 40 0.4612068924245527
21 60 126.6041306431895
21 61 4.229832630496544
21 63 1.358306610334567
21 69 0.4551141111619024
21 75 43.33241755617244
21 82 6.132045965145395
21 84 1.877736333295702
21 85 1.882760570757476
21 90 0.9446282982382013
21 91 24.52046411512259
21 98 3.24887834020082
21 100 7.975483915931966
21 103 74.51929065637231
21 104 4086.755769331755
21 106 2.833047568272214
21 109 72.16694419459638
21 115 0.9189402869444032
21 117 3.758481449829333
21 118 7.469218850917433
21 122 4.60700549060624
21 132 20.04773781562372
21 134 1.073519956179436
21 136 2304.334313139524
21 140 1.830641714566213
21 148 0.9429817426025434
21 149 0.4611413545774375
21 150 0.4704497245499069
22 3 512.3381679151576
22 7 38.16881229513466
22 8 14.85352065002618
22 10 3212.874514132014
22 13 3.366313957800512
22 16 1.108917530009912
22 19 12.24004120697719
22 20 5.028541187162573
22 22 12418.01869902158
22 27 10.5369827382358
22 34 5.97963408131392
22 36 2.224733026687247
22 37 0.4665053320300085
22 39 116.3320209415563
22 40 2.101186281973826
22 42 1.127141822020445
22 43 1.707294242457172
22 46 799.2687035131539
22 48 0.5356918195592001
22 49 1.654694133845994
22 50 6.822768605865676
22 53 7.352388467993106
22 54 21.49091908997346
22 56 0.5652726037617872
22 58 1.125303278177499
22 62 72.65743401608222
22 64 3.922179862462163
22 65 14.83618828992116
22 66 0.5639983653175986
22 69 0.5173960798225551
22 72 3.234594057202391
22 74 2.158768784324366
22 76 1198.763947505814
22 77 52.14274180626108
22 78 0.5630543547995215
22 79 1.684473126831652
22 81 0.5763032556405673
22 83 4.311174186229192
22 86 3.797299191638629
22 87 46.64847065391763
22 93 118.0448037189459
22 95 16.91315980705998
22 97 1393.53996251664
22 98 0.5291031478636422
22 101 0.5420698349948375
22 102 44.29902002737654
22 103 0.9918209265867768
22 107 2.165688122278903
22 113 7.938279291962104
22 114 1.67819959359145
22 116 1.669004007792766
22 119 20.25308125367251
22 121 35.70093033876721
22 124 9.754861094231078
22 125 2471.602423601792
22 127 0.5706600671985271
22 128 2.704674179812547
22 135 0.5680689851794927
22 137 16.60607435212779
22 138 46.61033214523882
22 139 3.362273960532403
22 140 5.20742947885724
22 141 1.13459052520161
22 144 1.079828697612406
22 145 0.5685444235382864
22 146 1.142877117925768
22 147 2.209859852943606
22 148 0.5386367757473941
23 5 5.484915762901962
23 6 3.923765280433448
23 8 1.001499598224723
23 9 73.85166659082847
23 12 102.3011420321594
23 13 0.9856888532363939
23 18 0.3751548238142781
23 20 16.69598931926525
23 21 843.3476590854573
23 23 1454.450038009052
23 24 0.4731916040456518
23 25 15.08424525979729
23 28 6.091365875514232
23 29 41.92088288008537
23 30 58.34765382223101
23 33 394.9152706604857
23 34 7.669275387688383
23 40 1.860303922849686
23 42 2.968955525998072
23 43 0.4990551915099072
23 45 0.4905933462713088
23 49 83.50651156404868
23 54 5.336244717384083
23 58 2.470616788066723
23 59 18.5545348652993
23 60 150.7947371134079
23 61 0.4740761219406103
23 63 1.369565470030852
23 64 1.969158113588461
23 66 0.4952932923023888
23 69 25.23766549972513
23 72 5.233955931780172
23 73 3.331405109633189
23 75 73.30709150528742
23 76 0.5167767589774764
23 79 2.959015552004067
23 80 1.004754991009155
23 82 291.1667064963025
23 83 4.281164578503759
23 84 338.9902874749246
23 85 8.545192868717074
23 86 11.96145132625612
23 91 20.14573619690537
23 95 0.4949777515609013
23 96 1.915918184709545
23 98 179.7381213671812
23 99 0.4630352504705121
23 100 4.206571798852226
23 101 0.9564718130881485
23 102 0.498182343903075
23 103 60.9774574711714
23 104 194.5675571817542
23 106 276.2359007373745
23 107 23.88281132143107
23 109 800.9747374434088
23 110 8.894126293848727
23 112 0.4717080740706047
23 113 14.92373123766475
23 115 7.876150881207266
23 116 10.27305358289906
23 117 76.76229308671714
23 118 29.66146298394098
23 120 3.580401845872752
23 121 0.4972174058695518
23 122 3.252183091111849
23 123 15.89319991709915
23 124 1.005364530728406
23 128 0.477307944434113
23 130 0.4775073438629441
23 131 0.9283625021536561
23 132 99.21335903152413
23 133 0.4605975685817283
23 135 6.97778630841913
23 136 779.7277693908203
23 137 16.08766677930429
23 143 5.220625703885532
23 144 8.100279381295687
23 145 0.4988052267032352
23 146 0.5009113365997965
23 147 25.77042423230455
23 148 36.6161885904071
23 149 23.24943128734422
23 150 1.423336479710226
24 1 185.5305374853772
24 4 1.492827392534511
24 5 0.4667967235880217
24 8 5.123929143375673
24 9 5.120510405141095
24 10 1.062683477065677
24 13 1.512339635205603
24 15 43.86583654003404
24 16 38.41007310851711
24 19 50.53430932807758
24 23 0.4731916040456518
24 24 5500.682232214664
24 25 63.1018804240811
24 27 59.86953837430318
24 28 135.0055562460293
24 29 53.0723930150474
24 30 198.2886021302157
24 33 0.4942416624846223
24 34 130.8287518760854
24 39 4.728738681345377
24 40 459.8839205703545
24 44 694.4151031234614
24 45 0.5017470791241441
24 48 556.1650221067371
24 49 1.985791193696877
24 50 2.040777633589606
24 53 0.5077917044245451
24 54 24.306035443065
24 58 5.560018237437645
24 59 2.496734612500673
24 60 70.40002659730094
24 63 1407.458181177833
24 69 6.092201539463627
24 72 607.9059904858703
24 73 4718.305825292025
24 74 469.310235006653
24 76 0.5291541091107455
24 77 0.5188482564117239
24 78 9.105992518483745
24 80 0.5140920701308939
24 82 65.64575754574768
24 83 70.98268657636993
24 84 14.51541271268478
24 85 46.57766954108128
24 86 133.0297856361194
24 87 17.67239863522053
24 89 2.497795030943526
24 91 4.208144296687843
24 93 1.554916083369821
24 94 188.3350777814898
24 95 5.063258777977728
24 96 45.04419648755631
24 98 1.912967991654199
24 102 0.5096841203547763
24 105 0.9407922224469051
24 106 48.19258333568139
24 107 122.549344883133
24 109 2.367462124490676
24 110 0.5054648871784677
24 113 7.12531418995951
24 114 39.71949382769104
24 115 416.9379457305714
24 116 6.50394172059377
24 117 44.06716548970035
24 118 2300.148111495166
24 119 21.73126711764982
24 121 16.27756343997788
24 122 130.9912869609608
24 123 3.446645181807143
