%%MatrixMarket matrix coordinate real general
%
150 150 12555
1 1 11193.54321496007
1 8 12.70754756763522
1 9 0.3378440380167027
1 10 0.7329709300580632
1 16 1.064512687264481
1 19 25.54089910905938
1 24 592.3509809092535
1 27 45.85459172697664
1 28 1.337359478335328
1 29 18.37302473690041
1 30 232.4855563279935
1 31 1.031264515514279
1 33 0.63047533904675
1 34 8.13408818316034
1 40 4935.037801050105
1 43 0.3464086631138693
1 44 72.15796950578044
1 48 15.94119195937029
1 49 10.16198166989118
1 50 5.400340588012501
1 54 10.62227261061165
1 58 17.08473221429028
1 63 1.985064070625079
1 64 1.0832420343997
1 69 12.80655636813312
1 72 1175.073703722875
1 73 164.666145600853
1 74 18.79076622675559
1 78 16.73908322953732
1 79 0.6836797084544352
1 80 2.410180928851842
1 81 1.381009753884306
1 82 8.01736101821975
1 83 6.042843403240007
1 84 4.353063156514326
1 85 2.010001505834178
1 86 438.4234277435215
1 87 25.99532008663817
1 89 0.3596353980770501
1 93 1.758077486848777
1 94 8.308288981632261
1 95 2.846479585533406
1 96 190.0421695461731
1 98 0.6588011779402329
1 102 0.3563863082682762
1 106 37.604430730523
1 107 77.92096315547242
1 110 3.414533395012862
1 113 20.88676888911699
1 114 92.15440613195737
1 115 1.007373328651121
1 116 6.479687177125595
1 117 1.349119446316558
1 118 25.46193087245381
1 119 9.63029601856551
1 121 29.22576016763724
1 122 0.6735397060651925
1 123 1.356560682882736
1 127 1.714456970081972
1 128 1269.938298967173
1 130 0.3619221985022888
1 131 6.598393710528907
1 132 0.3351975201064814
1 135 2.727923383660551
1 137 244.3100592210913
1 139 0.715249512364009
1 141 0.6864521776114088
1 144 521.287921472476
1 145 1.710882374906369
1 146 2.749880928913305
1 147 47.25625261090471
1 148 24.26508325830459
1 149 358.9604892831559
1 150 24.6536780076397
2 2 334.9031625546058
2 11 7.006910065975234
2 31 0.4833012249257884
2 32 0.941805859062105
2 41 15.91045984916361
2 43 1.957514457505501
2 49 0.946411360019623
2 52 233.6371237011882
2 56 4.472451767967368
2 57 0.4900562631614985
2 62 0.5234575035407407
2 66 24.04346422353138
2 70 199.7157861453858
2 79 17.25235366806439
2 80 2.905138500096221
2 81 0.4861142461036558
2 88 1.436342770574338
2 101 2.900303211424517
2 106 0.4674898142607011
2 110 0.4786724259327167
2 112 0.4928789987034025
2 113 5.284714263751826
2 124 0.4907478982711965
2 135 6.208447955035988
2 146 5.312823559543418
3 3 26158.35827512507
3 6 0.5071196486096325
3 7 1653.908655956782
3 8 1.035086047254664
3 9 0.5064248797240484
3 10 643.1430236125201
3 13 4.019093607129063
3 16 1.08797624071533
3 19 1.597022628241383
3 20 2.048600913413374
3 22 1352.855742870922
3 24 0.9486910918224452
3 25 1.506977364317893
3 27 1.006844982843561
3 31 0.5185830627339438
3 33 0.9119345309597094
3 34 1.014702513289216
3 36 46.97175462648764
3 39 658.125443628614
3 42 14.73142007624751
3 43 6.831963521405577
3 45 2.219566222689775
3 46 19.16490168363811
3 49 8.111317267286452
3 50 3.025620780118938
3 53 8.863680885734974
3 54 12.89482112334927
3 58 1.540924521619369
3 59 4.03935667707113
3 62 242.3209301315793
3 64 58.67545063951007
3 65 36.35807078871235
3 70 0.5150062333791788
3 71 16.91509835011705
3 72 0.472393979188221
3 76 237.8229730968185
3 77 253.3287535862658
3 78 0.9962717473660843
3 79 5.138644712220851
3 82 1.489698004147329
3 84 2.491182099096152
3 86 0.4974860094957338
3 87 5.144109938636308
3 89 8.901039507519673
3 91 5.640176835733687
3 93 39.1483786481378
3 95 5.461348275261391
3 97 2140.041208084545
3 101 0.5187995516595638
3 102 64.19121471014711
3 110 5.131089296436042
3 112 1.058803871794958
3 113 19.06333446919458
3 114 0.5072626530514104
3 116 11.26647599087908
3 117 1.511003162308477
3 120 2.732636752379619
3 121 22.99875406637291
3 123 2.538947801892165
3 124 24.7673537896037
3 125 3539.27385731138
3 130 0.5618915019102511
3 132 1.000771501502616
3 133 0.5191426360694325
3 135 1.023868127900755
3 137 0.4920204863690377
3 138 3197.485833369001
3 139 0.550557194382756
3 141 1.033947626051972
3 144 0.4848740701950895
3 145 0.5147905299794918
3 146 1.036293937994489
3 147 5.607130344999577
4 4 30830.04004771766
4 5 6.819510285787054
4 9 2.54459291980934
4 13 2.5250239550765
4 15 10.86265061139324
4 16 83.7078270232212
4 19 1.070475839251944
4 25 22.72257711947428
4 26 707.6941657425111
4 28 1.998748972258175
4 30 3.975335702287857
4 34 4.080347059073563
4 35 327.1470821198587
4 39 0.5713176659410925
4 45 239.4379216500211
4 48 0.989498400471564
4 51 6207.662030279276
4 53 12.81522919288415
4 54 0.5187284027085663
4 55 2092.802704752497
4 60 0.5100401943750359
4 62 0.5683013477139547
4 64 588.4976125974927
4 67 43.07928214599168
4 74 0.9787079545582108
4 76 0.5683531254784139
4 82 0.4992599870019842
4 83 3.51989476862463
4 84 1.502593784599507
4 85 5.514264587545821
4 87 0.5173232703461913
4 89 334.0475654634397
4 91 9.794117822816446
4 95 24.71602202517931
4 100 2.646591109945884
4 102 2.207062558707976
4 105 2722.727502255454
4 106 1.005800141600033
4 108 10.6214647686987
4 111 43.6836564678415
4 115 1.006238294090661
4 117 9.619660256666196
4 118 4.823051877360866
4 119 7.167126958106497
4 126 51613.23247703155
4 130 738.5211822968547
4 132 6.036306586133357
4 133 106.9675790659959
4 138 2.307799633365253
4 139 103.514959050705
4 140 65.53550284201611
4 142 2387.437233280114
4 143 4.688303204404464
4 147 0.5125959237690214
4 148 8.091697217028406
4 150 1.491379758669204
5 4 6.819510285787054
5 5 4560.371295011942
5 8 0.469700979945106
5 9 693.2165724829462
5 10 1.027455723276368
5 11 0.9101490159598253
5 13 3.656827576980876
5 15 17.46606337151697
5 16 1.473929071589857
5 17 56.55091171433797
5 19 2.408584160312524
5 20 6.51245710268122
5 23 3.651963875463296
5 24 0.8675438566336416
5 25 393.5002641651205
5 26 1.033133925939063
5 28 18.56175217350694
5 29 0.9044917291622061
5 30 59.00939886269366
5 32 37.15344533439153
5 33 12.13224924785588
5 34 32.28486471821562
5 35 1.743683062057023
5 37 0.5116085014881195
5 39 4.085040494739867
5 40 0.4340172880440744
5 42 6.196633460367178
5 43 9.0475746422665
5 48 7.178771217710644
5 49 15.20853822098688
5 51 1.633894580518282
5 52 0.4757048614338455
5 53 0.4995467526118395
5 54 16.85385519635169
5 55 90.65257533829677
5 56 0.4361488278884578
5 58 1.865457083057163
5 59 13.77605136452045
5 60 25.35915526277709
5 62 2.032850040901323
5 64 37.75003311095839
5 65 4.086640617336315
5 66 0.4681933033832039
5 69 11.89979326002492
5 70 1.869487053830266
5 72 1.728258025795358
5 73 1.769767961877081
5 74 1.332653319665483
5 75 0.9305319218217647
5 77 77.99040924500341
5 79 1.399694211886713
5 82 30.75320007625122
5 83 55.09130049707927
5 84 72.58664536694182
5 85 33.14376800063646
5 86 1.811648737596067
5 87 0.4670863624653335
5 89 2.506411735516464
5 91 1469.099061027655
5 95 2.465004254772826
5 97 0.5200875083930807
5 98 131.7740958186137
5 100 183.144155568605
5 102 6.435785215171639
5 103 81.68578471098603
5 104 4.272395847317471
5 105 78.42998849859447
5 106 29.59905574217778
5 107 5.8540318917537
5 109 75.41573808212661
5 110 1.863759333885056
5 111 0.582003189724295
5 113 6.080086998449559
5 114 0.9219679249657808
5 115 0.4555783563277758
5 116 3.255878347552873
5 117 432.9393488306854
5 118 29.372665000559
5 120 4.93383122536914
5 121 0.4943413711284508
5 122 0.457202692455269
5 123 44.31136408544322
5 128 0.8845111726385435
5 129 3.880661163461522
5 130 10.62001980824764
5 131 0.4446726265390603
5 132 35.52520849969528
5 133 68.73481551159426
5 135 0.465062618445877
5 136 11.60029512136188
5 137 7.174157052955664
5 139 1.489538446544009
5 140 10.14877604959846
5 142 9.102205985422778
5 143 352.1005707722669
5 144 2.21231659924052
5 146 1.410361457977575
5 147 6.021116535166254
5 148 45.76728654811043
5 149 2.207222744985248
5 150 34.24558097670104
6 3 0.5071196486096325
6 6 1648.018860424475
6 7 4.036641075465694
6 8 8.236859804267896
6 9 4.936192428136922
6 10 3.995140483406254
6 13 0.4456999888268733
6 19 0.4691624924980439
6 20 254.7997076992935
6 22 2.028595556422359
6 23 2.225707436667153
6 27 8.484051143306752
6 29 7.498595754108369
6 30 34.71145383719018
6 31 21.99682813170558
6 33 335.6126831879212
6 34 4.945749880631462
6 39 1.489450683872218
6 40 39.41215492224764
6 41 1.371908487999567
6 42 10.6787520981589
6 43 12.05976714129021
6 46 1.973063268077935
6 48 0.8753816362084658
6 49 536.4499911333442
6 50 4.024615147364727
6 52 0.9265600966012926
6 54 13.23047367569709
6 56 1.277356471139113
6 58 104.9931368826145
6 59 20.14655543434986
6 62 1.482589280688151
6 64 0.4896837160672443
6 65 2.48321604143167
6 66 61.12809482911879
6 69 26.77579383231028
6 70 6.37668869627757
6 72 12.23433544736259
6 73 1.295213487703063
6 76 15.32094740199041
6 77 5.316629883180754
6 78 168.9839632803452
6 79 45.92511477123725
6 80 28.46808140997087
6 81 0.4608398053460273
6 82 2.646568264543668
6 83 0.8879806504524507
6 84 7.963888879834842
6 85 0.885558818566807
6 86 154.1625578447951
6 87 16.38469918216247
6 88 2.725748637501175
6 93 3.777397006890838
6 95 0.9595452234644664
6 96 3.878913773115831
6 97 2.020860749994247
6 98 13.42125566644902
6 99 4.620368018092714
6 101 9.168707009891589
6 102 2.408626266385464
6 106 211.3733716557399
6 107 32.5043304780983
6 109 0.4483269716974029
6 110 341.4931997813378
6 112 2.801127439390057
6 113 356.420729308148
6 114 28.3128141090379
6 115 0.8884551993098496
6 116 31.28016934980758
6 117 4.020285511293712
6 118 2.995328488696417
6 121 0.9618003925511192
6 123 12.14903871535676
6 124 3.719559955022066
6 125 2.011749106360827
6 127 3.195967668179991
6 128 1.726357115151871
6 132 2.664808498742394
6 135 212.1048807124468
6 137 13.9973504375493
6 138 7.512309257133098
6 141 16.45774956647956
6 144 5.181203921081785
6 145 483.9884003294561
6 146 17.40701345780726
6 147 149.8882564680402
6 148 18.29637990632018
6 149 48.24964418278536
6 150 2.197681838378395
7 3 1653.908655956782
7 6 4.036641075465694
7 7 18161.09478609739
7 10 28.43337703129243
7 11 1.990578265881357
7 16 1.623997926254557
7 20 9.685158477276795
7 22 34.14631395121686
7 26 0.5722613340172777
7 33 2.724335871799821
7 34 1.515062973527207
7 36 549.4231036929918
7 37 21.50285247290214
7 39 69.4780889605986
7 42 30.89139095330543
7 43 87.86554468270494
7 45 1.104103711636286
7 46 1.121426509694081
7 49 11.10082903160141
7 50 1.505806031126326
7 52 3.656231973563072
7 53 0.5513056876025557
7 54 7.186602157185963
7 56 4.276399166843885
7 59 4.523185412167904
7 62 1445.237960235642
7 64 39.47160954225699
7 65 1558.582388850602
7 66 2.566340594968268
7 68 3.163052819622511
7 69 0.50091732559439
7 70 0.5125608601530847
7 71 10.09667464898463
7 76 116.8875608930051
7 77 191.2242669905563
7 79 9.205691784557512
7 80 1.551288944394732
7 83 0.4980585490410985
7 84 0.4961027647146958
7 87 2.04779703470918
7 88 0.511068255354265
7 89 3.874342699140037
7 93 11.7399780571413
7 95 5.977383428096139
7 97 760.6348008761968
7 98 5.80865360638071
7 99 0.5208889360433957
7 101 1.548531018181571
7 102 18.01400221135735
7 106 0.4981423927885675
7 110 9.702763021910178
7 113 30.76703037977984
7 116 8.155240249888378
7 120 3.263034265944551
7 121 2.179199975390677
7 123 10.1085483010703
7 124 23.59851391091336
7 125 339.9525696444925
7 135 7.643108154862108
7 137 0.9792839698151069
7 138 2591.258666009226
7 141 0.5147016664206818
7 143 0.5158294438418757
7 146 9.282611569165775
7 147 11.66881672079328
7 148 1.001474537494884
7 149 0.481487267827321
8 1 12.70754756763522
8 3 1.035086047254664
8 5 0.469700979945106
8 6 8.236859804267896
8 8 10364.31480493686
8 9 5.941558337800648
8 10 34.14967272077251
8 11 19.88338815663115
8 15 2.223841292905333
8 19 3.347081263270852
8 20 12.00789987793821
8 22 9.320055838324489
8 24 2.585209689626784
8 25 2.269090382523494
8 27 162.3420399273059
8 29 3.592880587528433
8 30 40.25985362150811
8 31 726.5226535678564
8 33 7.897439194203181
8 34 0.4579803237248887
8 39 1.013226894520508
8 40 122.0221229931459
8 41 56.37661624188943
8 42 47.31715997425461
8 43 114.3937980542677
8 44 2.065669756673654
8 46 24.15879758078862
8 48 6.683718524750943
8 49 76.87667103171516
8 50 1410.390781822541
8 52 0.4722159098804528
8 54 34.85943098420292
8 56 39.4270864262179
8 57 0.4732951312888832
8 58 1740.965820815295
8 59 19.15006751087485
8 60 0.9155911763985172
8 62 18.65722606829315
8 63 0.4433426729799717
8 64 2.497119588662219
8 65 7.095497401115093
8 66 46.47485731363702
8 69 31.35764816052463
8 70 56.60996754319609
8 72 40.7727004269717
8 73 36.03308132162975
8 74 8.823929612343804
8 76 28.74482258552366
8 77 4.929636286567161
8 78 854.4472184729001
8 79 312.6725857181656
8 80 4567.569294326492
8 81 863.9463268938111
8 82 3.59289907445117
8 83 10.8505922079818
8 84 1.801989608821547
8 85 1.803405778356726
8 86 348.5619041320148
8 87 1837.493677192483
8 88 57.84917284005325
8 91 3.698442107082022
8 93 183.4000297733967
8 95 0.4894025004690776
8 96 55.26660427213722
8 97 2.06298069323374
8 98 2.203324963525301
8 99 3.295788027370814
8 100 1.420317171767792
8 101 81.27404118192295
8 102 4.42164896319185
8 106 37.53073313783404
8 107 30.40858289523259
8 110 173.0142124601843
8 112 0.4759297933903766
8 113 4651.244316593531
8 114 1643.687411514353
8 116 109.4464818961588
8 117 9.553062742350527
8 118 16.11139225713427
8 121 1.961756253408993
8 123 14.66554861304625
8 124 170.1126460807431
8 125 7.18725990914713
8 127 1943.8870431286
8 128 43.04630759440777
8 131 0.8832745686679231
8 132 3.165783849728612
8 135 324.0951885963032
8 137 84.16022535458845
8 138 1.022292119722047
8 141 303.6814145565065
8 144 35.59464245974643
8 145 993.083779637798
8 146 2371.875961686319
8 147 776.7075057170561
8 148 24.54034672939186
8 149 20.60651043883195
8 150 43.85234481114541
9 1 0.3378440380167027
9 3 0.5064248797240484
9 4 2.54459291980934
9 5 693.2165724829462
9 6 4.936192428136922
9 8 5.941558337800648
9 9 6046.348214035033
9 10 0.498877051715453
9 11 4.875758218103057
9 13 0.8903428537284444
9 14 0.9604037276184797
9 15 23.56493966803106
9 16 5.25302894350665
9 19 6.558930784251657
9 20 67.92370744833359
9 21 1.485331516902259
9 23 56.46383960842721
9 24 3.807229030994439
9 25 364.9843894233998
9 26 1.002773346221774
9 27 1.337938605209963
9 28 88.20445500957089
9 29 55.07198029913017
9 30 1030.894671304629
9 31 5.0346527461576
9 32 24.12043077939955
9 33 171.5007626605542
9 34 198.0423145371757
9 36 0.95841290658112
9 39 0.9915695014182806
9 40 47.83335041344474
9 42 13.91140851726557
9 43 47.25225940804507
9 46 3.448359477026359
9 48 21.85902049821309
9 49 345.0842586830544
9 50 4.019759048811729
9 51 0.5279019901778123
9 53 2.425945569764488
9 54 37.36391674690179
9 55 4.160279468049392
9 56 0.4252252850898608
9 57 2.318720521224871
9 58 18.61232266253232
9 59 94.79851523559577
9 60 49.83280322587114
9 61 0.4883551231745048
9 62 2.467555646295301
9 63 0.8700815237225137
9 64 25.42342831413029
9 65 0.496131038434024
9 66 9.112370893932729
9 69 402.4906082159768
9 70 6.823782151842694
9 71 0.4928851413790708
9 72 45.51016611609098
9 73 18.54390044312524
9 74 6.494450840281495
9 75 13.13493415754911
9 76 1.974202481309505
9 77 25.58321100751937
9 78 3.534759745702837
9 79 48.59384129723071
9 80 6.420366350926159
9 82 428.6813683599972
9 83 304.2165105119356
9 84 1163.120658471006
9 85 126.043110409733
9 86 103.2410855509078
9 87 10.90975017214637
9 88 3.176134699743934
9 89 11.20086092214463
9 91 349.0174922523549
9 93 0.9431271640067916
9 95 8.625023209605219
9 96 1.291377273890925
9 97 0.5046946827682607
9 98 419.4644062256211
9 99 3.69169308568886
9 100 11.59909728277546
9 101 8.241607849897882
9 102 6.254318532323359
9 103 248.5460655098106
9 104 1.385561595174817
9 105 5.580653906494115
9 106 1103.05967557937
9 107 116.7013149923263
9 109 360.0166180456065
9 110 40.82024864782907
9 112 0.466333378425929
9 113 174.3508104966395
9 114 3.142020842740574
9 115 9.317761815603943
9 116 50.25903524151499
9 117 2884.836677185776
9 118 281.6670354150709
9 119 0.961503733030064
9 120 0.9589947933207592
9 121 0.4803967296882144
9 122 1.780942934207313
9 123 321.7828800362564
9 124 1.39307640998427
9 125 1.004496930613974
9 127 0.9120014119123824
9 128 19.39877545317368
9 130 4.911632662022829
9 131 6.934175512668208
9 132 185.4291318215766
9 133 48.10524451099752
9 135 19.01177203620366
9 136 32.52425092520036
9 137 172.5768411068703
9 138 5.001500834469255
9 139 1.447389943558788
9 140 7.989399539634839
9 141 3.196160249934671
9 142 1.100994427899653
9 143 495.46010658588
9 144 75.47202709115579
9 145 5.456885852203812
9 146 15.0978876883294
9 147 244.3992052914496
9 148 1018.016403949699
9 149 140.277469184744
9 150 179.5529427428224
10 1 0.7329709300580632
10 3 643.1430236125201
10 5 1.027455723276368
10 6 3.995140483406254
10 7 28.43337703129243
10 8 34.14967272077251
10 9 0.498877051715453
10 10 27199.56505035842
10 13 1.979871053890952
10 16 5.353321601114411
10 19 24.10272258094756
10 20 3.026785081127769
10 22 4265.527020291851
10 23 0.4944012399500241
10 27 76.3827785639954
10 30 4.384663219578439
10 31 1.020979583539842
10 33 2.249285520570666
10 34 12.99477064922086
10 36 9.673896248972678
10 39 3383.190513025101
10 40 7.489409889791446
10 42 17.09417189211916
10 43 11.38361900525617
10 46 2305.505305406235
10 48 1.940401059482395
10 49 28.96474204914343
10 50 28.81332336874033
10 53 218.5292610066337
10 54 145.7879302493116
10 56 0.4706319940905279
10 58 19.22258670952982
10 59 4.97440352255486
10 62 211.0830070647426
10 64 47.81896827233357
10 65 14.52364782886654
10 66 2.539513150155252
10 69 0.4957985447303524
10 70 1.014049903510157
10 71 1.108969435395288
10 72 15.36965022064744
10 73 5.733942932938241
10 76 2817.664582781557
10 77 312.6232620211488
10 78 20.12523819383248
10 79 10.12176098261227
10 80 6.139426777006172
10 82 0.9785622480625221
10 83 1.478627665882077
10 84 3.43665915961389
10 86 23.52314935356843
10 87 84.60632596408256
10 88 2.022287059370395
10 89 2.188803781307624
10 93 537.8637384558674
10 95 201.5108219429828
10 96 6.676261258240669
10 97 816.6363827306134
10 99 0.5153616785499409
10 101 1.532237649273374
10 102 1233.450890043346
10 106 5.915307410933411
10 107 9.740295533816795
10 110 9.096547154477674
10 113 42.11622781283578
10 114 21.97986213912691
10 115 0.986273707133233
10 116 32.2819783849647
10 117 0.4963297773931902
10 118 0.4732050390920425
10 119 23.73254087779322
10 120 4.302192184630393
10 121 1317.851585255576
10 123 0.500375413800205
10 124 100.6501490014196
10 125 6035.296029271241
10 127 3.050514988647554
10 128 1.43286982783182
10 130 1.104926723061736
10 131 3.363140659070431
10 132 0.9860458488273229
10 135 8.068129943606859
10 137 5.332527635813303
10 138 404.3059567871313
10 139 9.205748743563301
10 140 0.5259783997940651
10 141 5.60064130993073
10 143 4.081853848708055
10 144 3.344913365210097
10 145 7.602548360346109
10 146 4.592428262969294
10 147 62.2592908168544
10 148 5.947735671054208
10 149 1.906596133502806
11 2 7.006910065975234
11 5 0.9101490159598253
11 7 1.990578265881357
11 8 19.88338815663115
11 9 4.875758218103057
11 11 4424.496620449731
11 12 0.9532601107413106
11 14 81.62061283556778
11 18 0.9755332567623229
11 20 24.17979742584238
11 30 6.945873560709273
11 31 72.85892791125141
11 33 3.233898690893128
11 36 156.7505502590836
11 37 10.7911138826647
11 38 1.441089525547356
11 41 17.6126744930425
11 42 149.9015740824112
11 43 147.9250480103462
11 47 1.433781418622583
11 49 14.20100121962738
11 50 2.650277133876689
11 52 29.27610545483667
11 54 0.4505542393927115
11 56 743.6585529950264
11 57 272.3163716376033
11 58 12.56872963347123
11 59 22.55393919580585
11 62 1.462616098734799
11 65 4.409389098889599
11 66 518.0789240428822
11 68 2.305778201940994
11 69 3.526684683718124
11 70 1261.281063868385
11 71 80.31842949955769
11 76 0.4876880942246817
11 78 0.8740493116517658
11 79 2568.653568453591
11 80 77.08011373584011
11 81 9.555004268037772
11 84 6.556598119409378
11 86 1.745616337191221
11 87 4.045383301599986
11 88 711.1337452282178
11 97 0.4984192018457424
11 98 23.53050527606094
11 99 82.57491134297949
11 101 1249.920222660143
11 103 3.613963296625816
11 106 7.896208170811445
11 107 3.471916965564518
11 110 60.09743580910985
11 112 72.36315971398561
11 113 286.7226172844552
11 114 0.4438846339612654
11 116 2.686360666254842
11 120 9.003103018715779
11 123 8.888793666845272
11 124 25.70690500619204
11 127 1.803534535940383
11 133 0.4529895221991133
11 135 181.7308623498932
11 137 0.8643931059892296
11 138 0.4941235029118133
11 141 13.99539018465281
11 143 0.4523481666482178
11 145 4.046894368486639
11 146 1080.679825499951
11 147 12.48555158618569
11 148 8.816422981637094
11 149 0.8514732872830706
12 11 0.9532601107413106
12 12 8814.369320324269
12 14 19.74664526954916
12 18 8.569385940930033
12 20 8.779047161755821
12 21 9.131170518231338
12 23 152.5440121337191
12 33 5.237949401407337
12 36 0.518654991574293
12 38 1.580004942320455
12 43 0.4999988908843089
12 49 0.4831056830412031
12 59 4.330463531144184
12 66 0.4910987616732736
12 71 0.534536084495547
12 75 729.3242398502731
12 79 0.4893859818446072
12 84 2.375452245882884
12 90 0.5092344504288594
12 98 83.54803212726853
12 103 31.02365494623576
12 104 1.494707053204284
12 109 0.9637264411162826
12 110 1.465746851295203
12 112 31.71138109334661
12 113 1.47154262782151
12 120 1.037602761604024
12 135 0.9750360740236834
12 136 0.4865736847657712
12 148 0.4795910397394711
13 3 4.019093607129063
13 4 2.5250239550765
13 5 3.656827576980876
13 6 0.4456999888268733
13 9 0.8903428537284444
13 10 1.979871053890952
13 13 9483.896768642426
13 15 1.300491187480264
13 16 234.6796370387227
13 19 3.721430813164223
13 22 0.5027383012368731
13 24 0.8406358868680577
13 25 3.978987153504351
13 26 157.7419268331565
13 28 22.78017085619619
13 30 2.179811966811287
13 33 0.8116517597987775
13 34 85.19073858896513
13 35 0.5573797847428074
13 36 0.4758391026487998
13 39 17.71552267948199
13 43 0.4600583322064076
13 45 366.1088582389204
13 48 2.171484797738928
13 49 0.4456912672012257
13 53 55.38942087067284
13 54 2.262617923090852
13 55 227.5439935591142
13 60 34.77990718120974
13 61 14.05393464860347
13 62 5.388484654537322
13 64 62.60369234224427
13 65 0.4923996836356417
13 69 0.4427022329438022
13 71 9.292816501569076
13 74 0.430051006200924
13 76 5.388895044387887
13 77 3.833394412951486
13 82 3.501196423107989
13 83 1.321442954824783
13 84 2.633765653211362
13 86 0.438219223976864
13 89 304.5488784671234
13 90 3.275031511947819
13 91 9.453497988453574
13 92 2589.404298986654
13 95 430.9848518795061
13 97 4.506173007722991
13 98 0.8592265971887952
13 100 3.225041115254224
13 102 40.11998684203915
13 103 42.19699587696537
13 104 4.127718163284389
13 105 25.17104514807763
13 106 1.32163953536453
13 107 1.307413121457009
13 109 2.66850537601346
13 113 0.4521035614197145
13 117 1.329411783185183
13 118 3.821928841177772
13 119 19.56820925178704
13 120 65.21746267745152
13 121 7.15196755649344
13 122 6.633556097865983
13 124 3.688843264422995
13 125 8.972492035182405
13 130 12.67549784574963
13 131 0.8611031377454321
13 132 0.4406047259926219
13 133 11.82945569320725
13 134 449.9694691458409
13 136 0.8972824692063913
13 137 0.433960380503045
13 138 16.38042692897443
13 139 10.0577081887106
13 140 2600.047450223111
13 143 4.088918478844761
13 144 0.4283754997388434
13 147 1.343524219927905
13 148 1.770869296600703
13 150 0.8721833327821013
14 9 0.9604037276184797
14 11 81.62061283556778
14 12 19.74664526954916
14 14 5242.854247723137
14 18 746.088439640023
14 20 40.29804100480386
14 31 3.928984585972229
14 33 1.304147971233676
14 36 6.707723272785024
14 37 1.072297989387095
14 38 390.4288180805859
14 43 4.477770051193396
14 47 4.16927816285705
14 57 262.495130612355
14 59 7.664309566111389
14 66 41.54191636530551
14 70 37.56955047851626
14 71 5.849092766241241
14 79 25.81327854888018
14 80 0.9842762305222569
14 82 0.4715463226494116
14 84 0.4730840446901291
14 87 0.4876542462396801
14 88 3.892506994683918
14 98 5.083708383409046
14 99 24.27748913923037
14 101 124.305102721075
14 106 0.4749406428311758
14 110 6.322598339572203
14 112 572.1495305780618
14 113 5.859247161971719
14 116 0.9709084582403229
14 135 4.853366135292156
14 146 2.945525363869249
14 147 0.483444537354879
15 4 10.86265061139324
15 5 17.46606337151697
15 8 2.223841292905333
15 9 23.56493966803106
15 13 1.300491187480264
15 15 3398.017973444627
15 16 122.9997352109152
15 19 16.4015364568962
15 20 0.881522150869168
15 23 0.432903059560922
15 24 41.65986241446458
15 25 1144.289956047186
15 26 6.326481809752005
15 27 2.605690144464388
15 28 220.3714876874235
15 29 13.3035559448887
15 30 304.8267532957326
15 33 2.390928949462019
15 34 200.2420151549921
15 35 0.543717761176276
15 40 12.38239472662503
15 43 2.253250847590583
15 44 14.2621792234178
15 45 4.248489869344345
15 48 400.7956796643248
15 49 9.174870632120509
15 50 4.783763663692486
15 51 2.557007107115188
15 53 4.242382640765576
15 54 11.08620820469705
15 55 8.067309160050542
15 58 3.534755081164192
15 59 0.4353457224914684
15 60 76.05264449134521
15 63 6.782317240781609
15 64 16.14605576138208
15 65 4.815608604056647
15 69 16.05939791106797
15 70 0.4427226419852436
15 72 27.94279823217719
15 73 689.7175104521228
15 74 1550.976181679164
15 77 0.4690905911270595
15 79 3.978198525185684
15 80 1.784905713179402
15 82 31.32809583505146
15 83 592.9840694582936
15 84 15.4951894984064
15 85 340.7183443713815
15 86 17.61938161040995
15 87 15.04220743810833
15 89 20.34203997026529
15 91 180.8856850278859
15 92 0.470096133530181
15 93 1.375511338439959
15 94 6.820696282926759
15 95 15.36752086949167
15 96 0.8391418021642086
15 98 1.685718664828251
15 100 5.415719752322385
15 102 0.9350060514403558
15 104 0.4493276417925708
15 105 28.05705249871018
15 106 37.58012888357556
15 107 18.80533960499702
15 109 12.64369948139576
15 110 2.648708620944526
15 113 22.15176387441445
15 114 5.244089594347383
15 115 98.95408255249239
15 116 10.13662928086797
15 117 411.8509455465993
15 118 1471.624574291911
15 119 4.671939653815482
15 121 0.4668104353627772
15 122 35.98624861754506
15 123 10.93834777793511
15 126 1.992400681084368
15 128 277.7122168617598
15 130 46.74604991507749
15 131 334.0608701489028
15 132 98.0699035804392
15 133 296.0123757018155
15 135 3.524927156723992
15 136 6.595929211618023
15 137 91.94338066537749
15 138 0.4855884163367993
15 139 69.38059260512358
15 140 21.47846707158987
15 142 0.5329670878621644
15 143 16.02653314790678
15 144 110.5426007720779
15 145 0.4425621884531284
15 146 1.780817428401547
15 147 35.11669662228632
15 148 116.3191339983517
15 149 13.4204910794347
15 150 1837.22082641153
16 1 1.064512687264481
16 3 1.08797624071533
16 4 83.7078270232212
16 5 1.473929071589857
16 7 1.623997926254557
16 9 5.25302894350665
16 10 5.353321601114411
16 13 234.6796370387227
16 15 122.9997352109152
16 16 3447.117251077216
16 19 95.1219438045099
16 22 3.809833710105564
16 24 33.22985807060226
16 25 57.83034200549537
16 26 37.68849943407428
16 27 0.9500316000443052
16 28 110.7770828413323
16 29 9.846589797287859
16 30 25.68218859860095
16 33 0.8650837218659478
16 34 137.815709676148
16 35 3.044117421866911
16 39 7.979038565903038
16 40 3.595003490006837
16 42 0.4953167115920704
16 44 1.719181867757356
16 45 83.81533571988912
16 46 1.056528750338163
16 48 251.12160530679
16 49 3.347061506844746
16 50 0.4758473167101485
16 51 9.671324088613201
16 53 160.0871570275964
16 54 13.60807045523311
16 55 30.23816135870377
16 58 0.4841886474858211
16 60 31.09438206349131
16 62 3.17606409597535
16 63 2.775750788728087
16 64 212.2294964133752
16 65 0.5323335296045841
16 69 0.949424379733638
16 72 11.6276806501618
16 73 51.79314684631314
16 74 33.5997597878247
16 76 6.352498250937053
16 77 9.304200940978253
16 78 1.410960801945456
16 79 0.4844026336480883
16 82 3.751081762548639
16 83 34.93994203111457
16 84 5.64486443325624
16 85 11.29900461027377
16 86 4.226335270228812
16 87 3.878141049276115
16 89 1646.862450657597
16 91 21.74812295738849
16 92 9.844293119117259
16 93 3.025027486818435
16 94 6.982201434596678
16 95 1128.261425479828
16 97 0.5421849804699653
16 100 1.981841335021205
16 102 46.87100738956854
16 103 0.9747778784134716
16 104 0.986102858228824
16 105 115.0422216550143
16 106 4.722368337215204
16 107 5.134758335761139
16 109 5.247689384538391
16 113 1.942004310992379
16 114 0.4783853748194536
16 115 15.59014645451378
16 116 0.9654464570365607
16 117 28.51276554748564
16 118 88.98596106005265
16 119 539.8985863825151
16 121 60.15375811666728
16 122 3.793325068490361
16 123 2.394530836097407
16 125 14.56333583150725
16 126 32.59490270744055
16 128 25.65644535452628
16 130 521.8676349571409
16 131 35.01743566842894
16 132 27.39481269105285
16 133 296.7246025987375
16 135 0.9651721349707258
16 136 2.407655224009199
16 137 15.80087579871443
16 138 7.516924577908588
16 139 1246.074534782365
16 140 821.7889225265478
16 142 11.31365634900259
16 143 8.785679559656648
16 144 22.45961356812887
16 145 1.939843606879369
16 146 0.4882418261827577
16 147 2.883760791653846
16 148 18.03911782102709
16 149 3.200858565383873
16 150 35.50026490557866
17 5 56.55091171433797
17 17 1994.403133948977
17 25 5.35366932139391
17 28 1.927259561908133
17 32 13.19145622625662
17 35 13.8598951051684
17 55 6.93327794687689
17 64 1.618773554700885
17 67 18.94915689187221
17 91 28.7949813495383
17 100 7.130563125487544
17 103 1.00157899613614
17 108 3.162633197273277
17 109 0.9797484425443823
17 111 25.86458123360488
17 117 0.9758552515605452
17 129 2.074510196867232
17 133 2.511457370210208
17 142 1.847003863635308
18 11 0.9755332567623229
18 12 8.569385940930033
18 14 746.088439640023
18 18 11045.3444876961
18 20 13.98270271151496
18 33 1.337439123619911
18 37 0.5532773771128819
18 38 328.4833688622927
18 47 32.76838505280776
18 49 0.9888318341351779
18 57 4.614281277870293
18 59 11.32795075952519
18 66 4.022276512399576
18 71 64.16347379425729
18 98 1.424145416224485
18 99 58.64076635890341
18 101 10.11062165064736
18 110 16.0093027457257
18 112 74.27465551161043
18 113 3.013919024323604
18 120 9.045058515738402
18 135 1.497641214786506
18 145 0.5018796654978568
18 146 0.5052568807900587
19 1 25.54089910905938
19 3 1.597022628241383
19 4 1.070475839251944
19 5 2.408584160312524
19 6 0.4691624924980439
19 8 3.347081263270852
19 9 6.558930784251657
19 10 24.10272258094756
19 13 3.721430813164223
19 15 16.4015364568962
19 16 95.1219438045099
19 19 6272.204917556825
19 22 6.922615444799257
19 24 41.01682724458576
19 25 6.511421539727898
19 26 3.161685394219691
19 27 15.84655350808132
19 28 12.43756528587996
19 29 10.58367398671172
19 30 89.36756023720172
19 31 0.4789776538188552
19 33 1.700439731576815
19 34 530.9387509928708
19 39 14.58054032404218
19 40 159.3283771667794
19 42 0.4855765428833146
19 43 0.4850797335822077
19 44 1.689816333517935
19 45 3.059218761441055
19 46 12.93094618889961
19 48 223.2068993957013
19 49 7.036206550591106
19 50 0.9335276024383308
19 51 0.5562324400871361
19 53 545.7142386051585
19 54 506.6703452184645
19 55 1.642842106585461
19 58 2.848699655566312
19 59 0.4674193178719947
19 60 1.407888834946186
19 62 3.109478656317053
19 63 1.816506294616427
19 64 139.5765671098473
19 65 0.5211219763622252
19 69 28.87857328383229
19 72 376.8955410477841
19 73 34.65049189476721
19 74 48.34906447961978
19 76 25.39520594551923
19 77 12.15151747241736
19 79 1.424968692329951
19 80 0.4799568020551665
19 82 10.12357964385333
19 83 154.2832955468288
19 84 12.00218935549314
19 85 7.853880038737165
19 86 77.88266462851881
19 87 9.033582437694891
19 89 29.64004672127028
19 91 1.422086836411267
19 93 8.399563049236816
19 94 0.9137472509154296
19 95 992.2902766682571
19 96 11.67821582508596
19 97 2.651798960344534
19 100 0.485855351641384
19 102 853.7139937739938
19 103 4.77985823282836
19 105 3.200889039684367
19 106 36.14416907985402
19 107 54.51939007757973
19 109 2.808173416113394
19 110 0.474430048987691
19 113 1.428493181476384
19 114 5.161324771152335
19 115 2.781425481207846
19 116 4.26144556349835
19 117 9.325010475456983
19 118 41.90756949561992
19 119 525.3608210208498
19 120 4.022342823101771
19 121 1612.225002219787
19 122 2.791485712719482
19 123 5.167962704059347
19 124 0.4862922110180866
19 125 5.278933157818216
19 126 0.5405362611111867
19 128 117.4026607668355
19 130 20.62479557535691
19 131 1.809298088090013
19 132 6.025117883934631
19 133 21.57124275348395
19 136 0.472424758676468
19 137 251.3422573572332
19 138 3.153321431773332
19 139 221.1402461723202
19 140 11.81567931912447
19 143 138.8063545953028
19 144 57.6023486691448
19 145 1.426932912485029
19 146 0.478771574573655
19 147 22.15853576460815
19 148 84.30512438641895
19 149 49.38610923884544
19 150 38.9679774564646
20 3 2.048600913413374
20 5 6.51245710268122
20 6 254.7997076992935
20 7 9.685158477276795
20 8 12.00789987793821
20 9 67.92370744833359
20 10 3.026785081127769
20 11 24.17979742584238
20 12 8.779047161755821
20 14 40.29804100480386
20 15 0.881522150869168
20 18 13.98270271151496
20 20 3285.128869829553
20 23 25.60089841865155
20 25 8.543398854810349
20 27 1.351658538359902
20 28 2.227504963668766
20 29 1.780132299746193
20 30 94.8641577589452
20 31 27.28847215799197
20 32 0.9024988758349639
20 33 293.4607720577079
20 34 4.990745282849034
20 36 22.28692836346639
20 37 1.506809594273678
20 39 5.014650800716023
20 40 12.82261918750974
20 41 3.230768093327726
20 42 141.0652300979928
20 43 147.9490331825446
20 48 0.4415429318356854
20 49 1210.501484550947
20 50 12.63418501535971
20 52 1.870513821930889
20 54 20.71931850659685
20 56 16.32006103067696
20 57 12.65445743439432
20 58 126.1414741057609
20 59 392.125796490083
20 60 7.257203898510173
20 62 5.989484870404303
20 64 1.977597419695192
20 65 26.08603662320355
20 66 809.8263020883195
20 69 221.0931475172945
20 70 180.6498389570697
20 71 0.9966450041425816
20 72 7.2328485316795
20 74 0.8745242685209557
20 75 5.949302434468334
20 76 4.991715249252697
20 77 13.66545319341038
20 78 51.77367734224882
20 79 562.1369126773623
20 80 41.24499346019061
20 81 0.9301482283978891
20 82 23.58689756747209
20 83 3.583897970338447
20 84 99.54770337508134
20 85 4.467468218109643
20 86 88.68917387092151
20 87 30.77462371924797
20 88 19.71419127412628
20 91 1.831951123799662
20 93 5.243590843854938
20 95 2.422187891097515
20 96 2.173756858558112
20 97 1.020752151917206
20 98 358.9949482395115
20 99 143.6381599949747
20 100 1.406740853718276
20 101 315.5541033306819
20 102 3.405013919654674
20 103 5.07847630205271
20 104 0.9335010386638707
20 106 258.9733051444418
20 107 46.5307612192413
20 109 8.595358128633299
20 110 1370.731442223628
20 112 588.1394111041559
20 113 1034.041470880188
20 114 16.32575439385866
20 116 124.4387626690888
20 117 46.87585453095047
20 118 15.10639877546232
20 120 2.908825008153162
20 123 256.5432146437211
20 124 4.693212518489039
20 125 2.032233885336086
20 127 1.843137735180583
20 128 0.8707020628389254
20 132 10.75509102480753
20 133 1.388895084496918
20 135 652.668560091159
20 136 2.738491616230704
20 137 26.47732132192564
20 138 7.082453789169102
20 139 0.4879301981458514
20 140 0.4751294238127958
20 141 17.99426251363586
20 143 6.009867206380494
20 144 8.275255584301128
20 145 106.6035687792217
20 146 96.16364370946522
20 147 489.7627700587972
20 148 87.35496650514548
20 149 28.2458742344996
20 150 0.8868539451985317
21 9 1.485331516902259
21 12 9.131170518231338
21 21 7407.251514760325
21 23 31.89518701742679
21 25 0.9825791687239185
21 29 4.372155702719783
21 33 0.8937754842997604
21 39 0.5539884866026981
21 60 24.30371731521036
21 61 25.58634774516172
21 63 0.4791852755181289
21 75 15.52664862954258
21 82 0.9715651281205631
21 84 2.437101036289082
21 85 0.9756489131052805
21 91 8.020455079949828
21 92 2.155303479971028
21 98 0.4760190530917592
21 100 1.028742204121303
21 103 7.585460652033938
21 104 144.8424239088849
21 109 21.76144638508265
21 115 1.468834455372793
21 117 1.477809839552332
21 118 1.409543293916758
21 123 0.4967155120543181
21 132 3.915851545654519
21 136 92.38877540246186
21 150 1.45168741634632
22 3 1352.855742870922
22 6 2.028595556422359
22 7 34.14631395121686
22 8 9.320055838324489
22 10 4265.527020291851
22 13 0.5027383012368731
22 16 3.809833710105564
22 19 6.922615444799257
22 22 17416.47661382794
22 24 0.4746250441997931
22 27 5.54015554809545
22 30 0.494708260849197
22 34 1.522792731926944
22 36 3.278699136836571
22 39 383.462709186155
22 42 1.052656614516058
22 43 5.257801872262887
22 46 457.9019076349206
22 48 1.969668376085344
22 49 2.535666461958488
22 50 4.540072545902417
22 53 37.68694984508423
22 54 12.90005586477893
22 56 0.9548450233243374
22 58 5.138315422049161
22 59 0.5052893596162644
22 62 96.63247454438279
22 64 7.26749871901267
22 65 6.820091471208907
22 71 1.12813435550619
22 72 3.779874691416779
22 76 954.5419798318985
22 77 40.77009874266286
22 78 4.485099679350001
22 79 1.02808340423375
22 80 6.756801258688343
22 86 2.48762053309278
22 87 20.06982407183049
22 89 1.113053503905641
22 93 89.59688529670382
22 95 9.834602530767265
22 96 0.9678670776439691
22 97 2124.210605884746
22 101 0.5190126197535283
22 102 76.29445482007456
22 107 1.483227583613981
22 110 1.026571700748416
22 113 9.79328667809078
22 114 6.08765642766752
22 116 5.123248840341545
22 119 6.033096953925114
22 120 0.5469710920546099
22 121 39.44284629534366
22 124 20.56045750329985
22 125 3953.725356455494
22 135 1.024281028394969
22 137 1.968275933821515
22 138 203.6991729611307
22 139 4.404864914145748
22 143 1.036651837436068
22 144 1.939739584155501
22 145 0.5150003527954571
22 146 0.5185546315226838
22 147 5.099416962170499
22 148 1.006537540136595
23 5 3.651963875463296
23 6 2.225707436667153
23 9 56.46383960842721
23 10 0.4944012399500241
23 12 152.5440121337191
23 15 0.432903059560922
23 20 25.60089841865155
23 21 31.89518701742679
23 23 3855.592936430125
23 24 0.4196756384884412
23 25 9.272374074232966
23 28 3.500256298805399
23 29 66.43664454510417
23 30 47.02348585142996
23 31 0.453959570816377
23 33 551.6615124425285
23 34 4.009080852848554
23 36 0.4751860041677312
23 40 5.881277664289206
23 42 3.218891181156136
23 43 0.9187819545210628
23 48 1.301156503272821
23 49 103.2688757663109
23 50 0.4430296328171163
23 54 2.711535632277834
23 58 2.701499037894777
23 59 58.99439910381386
23 60 40.96971845509164
23 63 3.453176450612826
23 66 11.7490129989824
23 69 21.22346552604772
23 72 2.091064014803545
23 73 2.139634488478932
23 75 2193.172532079235
23 78 1.314929097363892
23 79 2.702608777819283
23 80 0.9096069719661853
23 82 187.0717273229537
23 84 322.2260276283466
23 85 7.897198382214556
23 86 14.00633977096657
23 87 0.4508714325259172
23 91 14.83588498835881
23 98 525.1862082739389
23 99 0.9152464691784532
23 100 0.4601425193717709
23 101 1.816392544325522
23 103 92.89233281661497
23 104 68.70406941425443
23 106 311.9553364417994
23 107 26.9863882587074
23 109 338.0181874815939
23 110 9.896911279818852
23 112 1.387059819727057
23 113 16.25375374590629
23 115 7.482636913541224
23 116 9.431069506687241
23 117 55.32189698560668
23 118 11.02743921451803
23 120 9.032163828281643
23 123 24.96396252884227
23 131 3.01002525258825
23 132 47.0876069343073
23 135 1.795905016118199
23 136 213.2762611420061
23 137 3.034245260624821
23 140 2.795968394977731
23 143 3.629817229366461
23 144 10.27009055814672
23 145 0.9020395218927729
23 146 2.268785111585948
23 147 25.0468052103171
23 148 42.88795266593741
23 149 20.49466661030732
23 150 1.306552873041858
24 1 592.3509809092535
24 3 0.9486910918224452
24 5 0.8675438566336416
24 8 2.585209689626784
24 9 3.807229030994439
24 13 0.8406358868680577
24 15 41.65986241446458
24 16 33.22985807060226
24 19 41.01682724458576
24 22 0.4746250441997931
24 23 0.4196756384884412
24 24 4582.589293381443
24 25 59.25506563235524
24 26 0.4701562159091177
24 27 72.84054902180229
24 28 213.3041717633791
24 29 51.61007220002072
24 30 222.2705917142399
24 33 4.647840172387851
24 34 53.39736514828769
24 40 463.2817594518478
24 42 0.8735927616481893
24 44 650.0741515364023
24 46 0.9246958554360173
