%%MatrixMarket matrix coordinate real general
%
115 115 8125
1 1 64208.58531912111
1 3 6.864969841845504
1 4 0.998039592360603
1 7 10.54059984972219
1 9 0.3665132699937307
1 10 2.055944244841821
1 11 29.48693787138222
1 12 39.03652840530756
1 13 4.071122646382327
1 14 3.933607031562001
1 15 1.026405378056265
1 16 1.432861835526988
1 17 2.599124203850306
1 18 44.85336683416158
1 19 0.7042870425025354
1 20 32.70279701362441
1 21 0.5190276117334028
1 22 1749.365221242268
1 23 1.969778553383746
1 24 0.5215292425964184
1 25 0.4863489694742845
1 26 5.30913530705289
1 27 23.91064892420253
1 28 1.995185183068824
1 29 10.51314247717974
1 31 1.899968034124897
1 32 28.25773875850137
1 33 4.300575450678105
1 34 2656.060246611604
1 35 1.105496260448607
1 36 20.4203429857919
1 37 0.9910005033135719
1 38 161.6057362379238
1 39 46.54738636410087
1 41 38.30612771917688
1 42 0.9557989897113148
1 45 7.405633663096424
1 46 981.848489594888
1 49 141.1061857634287
1 50 3.804855512290934
1 51 1499.043980055178
1 52 1.471367697377253
1 53 257.9665529479415
1 54 133.8886531112613
1 55 74.50318307147359
1 56 38.88128489238432
1 58 2.016376502847916
1 59 86.71166481059707
1 60 1.531809854090892
1 61 16.13199298829263
1 62 5.747387724743114
1 63 3212.031707017949
1 64 156.3837412769911
1 66 65.82838920666038
1 67 17.46058002110795
1 68 120.826983329676
1 69 0.9965841694787605
1 70 86.11240757581045
1 71 1.939811968352037
1 72 29.60744410500818
1 73 45.10249196745541
1 74 5.165405529334161
1 76 4.621767007407826
1 77 23.7619078456997
1 78 15.60095741752904
1 79 1.379311020856675
1 80 2.018867423543506
1 81 1.925596014332113
1 82 0.9443799428386155
1 83 12.43900290267045
1 84 227.5238542153245
1 85 71.81923023183838
1 87 2.596727428065018
1 88 468.7601289708391
1 89 249.970867271011
1 91 1128.405402502189
1 92 2.961576876886657
1 93 691.874124973418
1 94 3.849340066981569
1 95 4020.542055149122
1 96 21.96030957058459
1 98 1.459713695881879
1 99 56.95161028599853
1 100 22.77921575117209
1 101 36.27450913284916
1 102 23.15736195355913
1 103 20.83227206275329
1 104 19844.83731732058
1 105 92.0489392058263
1 106 27.34511651270098
1 107 4.386793730949744
1 108 1.484894300097988
1 109 1.020609685517943
1 110 314.8116902084303
1 111 4.953825918162618
1 112 15.66528015185819
1 113 136.5672471720523
1 114 3.189591451096822
2 10 0.4200924385673252
2 20 0.7498185684010094
2 49 1.620082957257737
2 53 0.4061278384337272
2 89 0.4120101515880514
2 90 0.3554120354807539
2 97 1.815325272727373
2 106 0.4087947072714919
3 1 6.864969841845504
3 3 264.909077944554
3 5 1.26818496599654
3 7 5.181302456704906
3 8 6.856868339388797
3 9 0.3276487266667921
3 11 4.802028779668252
3 12 3.635558253866152
3 15 0.4400644063272351
3 17 0.889902965153777
3 18 6.499223529067409
3 19 1.147017493731985
3 20 2.738710060367285
3 21 37.77113377149954
3 22 7.934017326571716
3 23 0.8494783826237374
3 26 0.3870029147471711
3 27 1.747193051958795
3 28 4.294544545037009
3 29 1.110407910170118
3 31 1.235073461124112
3 32 25.24976504718376
3 33 2.069138876412083
3 34 2.839271294524174
3 36 2.144518224369445
3 38 6.163194037570013
3 39 1.632262316823076
3 40 2.286157505619315
3 41 1.676400559786773
3 42 0.4138745870943625
3 45 2.979702766977768
3 46 30.51407972953366
3 47 1.796551403810731
3 49 0.8483025655121766
3 50 0.7437445311258329
3 51 3.736787165780011
3 52 1.693007373153029
3 53 7.230618229961506
3 54 7.866981412410844
3 55 5.761051533055966
3 56 5.343832462877756
3 57 1.228008711088737
3 59 2.500458194067513
3 60 3.943573598598107
3 61 1.459181691818774
3 62 1.340701089469921
3 63 2.411161799909511
3 64 9.339653909941951
3 66 1.728792457869626
3 67 2.245617153215503
3 68 3.50078396366745
3 70 3.313982391793838
3 71 0.8383096428323712
3 72 4.366599853728717
3 73 0.8461967404635726
3 74 0.4425482546041558
3 76 0.4020262902929949
3 77 2.212788682857126
3 78 5.740111883097524
3 80 0.8676895674414572
3 82 0.4095826552777522
3 83 1.941953083190177
3 84 1.705395615801298
3 85 4.974508559697346
3 86 0.5003592422110634
3 87 0.444589470657117
3 88 8.333523135109701
3 89 4.317862692931206
3 91 5.120036053604725
3 92 50.64539344429901
3 93 3.418827771121819
3 94 2.081588646740787
3 95 3.815671773566702
3 97 0.3783629495258065
3 98 0.4203543914365155
3 99 1.243152505333855
3 101 2.321745045803825
3 102 1.208278932370057
3 103 3.623440820447689
3 104 4.384377069725564
3 105 1.267902773998762
3 106 8.99336798095989
3 107 0.9313978200951979
3 109 4.379529361750082
3 110 11.81737421471165
3 111 3.144368976181561
3 112 9.463898703463412
3 113 13.73357260799678
3 114 15.53735571870905
4 1 0.998039592360603
4 19 0.5854019375021903
4 22 0.4745480582551792
4 28 1.308270177950275
4 29 0.3750613335975635
4 32 0.4271969833977646
4 33 0.4199828049104705
4 34 0.4812745247966493
4 38 0.4169491368229559
4 39 0.8281058106150512
4 46 0.4628987479908929
4 51 0.4749510917852551
4 53 0.8636778299551872
4 59 0.8459796174045205
4 64 0.4518609940077696
4 68 0.4444847312792983
4 73 0.4295336708980826
4 81 0.4227310905528115
4 85 0.841445925165714
4 88 1.33658817077038
4 89 0.438491836022478
4 91 0.4732561123661186
4 93 2.169609248955723
4 102 0.8171860729579946
4 103 0.4084296737763485
4 104 0.9914167470137707
4 105 1.287172497952574
4 110 2.999186441704785
4 111 0.3985983813380605
4 112 4.175615156152864
5 3 1.26818496599654
5 18 0.4328254003115524
5 38 0.4104725047310704
5 93 0.4269097726665087
5 112 0.4110656290954412
5 113 0.4287264582105273
6 24 0.4721069870970984
6 25 0.8862378327664756
6 33 0.4360153113700616
6 36 0.4527845825869552
6 38 0.4327464222997829
6 47 2.852559628302056
6 58 0.4577749071091443
6 60 0.9263297784061058
6 72 0.4173390533103544
6 77 0.4680278148856609
6 87 1.4109929384537
6 98 0.8865831185823221
6 102 0.4237477256932595
6 110 0.4451532148209679
6 114 0.3691617707114896
7 1 10.54059984972219
7 3 5.181302456704906
7 7 43.19158143500252
7 8 2.348755155857926
7 9 0.3327776061918465
7 10 0.4499993053329333
7 11 12.47969968694559
7 12 9.470867321913257
7 13 1.784336495516956
7 14 2.164100961207277
7 16 0.4218681924327111
7 17 0.4544551744291906
7 18 4.422984800024113
7 20 11.95746283091188
7 22 21.4734195367258
7 25 7.287473964210698
7 27 1.337897589158825
7 28 0.4383080010371425
7 32 11.59196068162624
7 33 1.266138495874759
7 34 5.80784761076242
7 36 1.313211401822387
7 38 5.027761983104922
7 39 5.824752540652022
7 40 0.467290040097828
7 41 1.282594919519054
7 42 0.844191034791051
7 43 0.440055709054324
7 46 0.9308135925743615
7 50 1.513980859616629
7 51 1.432788066052175
7 52 1.29555608446545
7 53 16.92665662692911
7 55 3.168170037715788
7 56 4.610886704740492
7 58 0.8848020983355721
7 59 1.275228267300616
7 60 1.342188667158638
7 62 0.4564936102457078
7 63 1.973684103622213
7 64 3.179754911481608
7 65 4.392274605489522
7 66 1.764684059411824
7 67 0.7619595107482307
7 71 0.4275822154596325
7 72 4.449716105392819
7 73 3.885234946989701
7 74 1.807813655453099
7 76 0.4097768457770359
7 77 10.84724415772396
7 78 0.8361487041134829
7 80 0.4428762335656031
7 81 0.4248177046814163
7 82 0.4176303573288609
7 84 1.740312470865194
7 85 2.11394359533044
7 87 0.9081915786646126
7 88 7.613450233823635
7 89 0.8814821386209435
7 91 3.331154324117252
7 92 0.8685779991561693
7 93 4.361221953774127
7 94 8.068112750107106
7 95 2.927448714779981
7 96 1.923776918433072
7 97 0.3852197981052165
7 98 0.4288355285952832
7 99 2.113123104182924
7 100 2.310157269376353
7 101 1.970661094919807
7 102 0.4105382253179963
7 103 2.051885827497377
7 104 7.977339022113004
7 105 3.449676133521151
7 107 1.904472519680875
7 108 0.4353449182854962
7 109 3.13017182693296
7 110 0.8612034372847542
7 111 0.4004528323500147
7 112 0.8391972558003294
7 113 0.8760373578207145
7 114 0.3590967743469167
8 3 6.856868339388797
8 7 2.348755155857926
8 8 455.5613755602963
8 11 1.788185191701132
8 14 1.14648998974165
8 15 0.6026482249376638
8 21 21.9862688739658
8 29 0.9575315313328627
8 31 5.506558612737965
8 32 5.104176813078114
8 38 5.492082831121135
8 39 0.5441939224300885
8 40 20.96483377477468
8 53 0.5753429959215968
8 54 1.791021801063267
8 57 1.639383008525426
8 58 0.5901726622371825
8 61 0.9397165317261206
8 65 5.674667804310544
8 70 0.5552464956667504
8 75 3.644417853596265
8 77 0.6073291179112351
8 78 1.642981174678089
8 87 40.33630203368652
8 88 1.799719957007961
8 89 0.587223314613511
8 91 0.6513114550026162
8 92 8.061474011550636
8 99 1.110978062163076
8 101 5.580201088038616
8 102 1.069595307424934
8 103 3.741654918072438
8 106 7.549134478948783
8 109 2.394697834517843
8 111 0.5178039611052851
8 112 1.100543488808529
8 113 0.5823995473347666
8 114 0.4506782331139279
8 115 0.6054199760603877
9 1 0.3665132699937307
9 3 0.3276487266667921
9 7 0.3327776061918465
9 9 112.7964037891368
9 10 0.6760532521577433
9 11 2.013557947127945
9 12 2.211945592642583
9 13 0.6716317924390519
9 14 2.297662863020123
9 17 0.3405437998310981
9 18 2.335626158510461
9 20 5.546929078949674
9 22 3.178238759239663
9 23 1.642834934227951
9 25 0.6517011848193146
9 26 1.52759446967486
9 27 0.33575334937904
9 29 110.2989367792217
9 30 0.3289801744049441
9 31 2.244962556551092
9 32 0.3262395726937868
9 33 0.9660016304953911
9 34 2.854783014873084
9 36 0.3310696310885957
9 37 0.3299439753215582
9 38 3.522369201714415
9 39 1.59249537165827
9 40 0.3476985663783277
9 42 0.966091246162743
9 47 2.400906449920334
9 48 0.6475277177864053
9 49 1.641075232963596
9 50 188.5613013153687
9 51 1.060075519061785
9 52 3.932178298813844
9 53 0.6578578650303014
9 54 0.3359037771102945
9 56 6.086202192457164
9 59 0.3237781319654477
9 60 7.404227772369631
9 61 0.2915344065087207
9 62 2.391752071915988
9 63 5.429255370867925
9 64 2.042496979753024
9 65 4.011682350120241
9 66 0.3330297601526935
9 67 2.67781584696815
9 68 0.3362240886230795
9 70 9.023236182532075
9 71 1.951299094966255
9 73 0.3276000987509701
9 76 2.518497120157518
9 77 1.695650571141443
9 78 10.54970940806764
9 79 1.568446666145508
9 81 0.9708396777847104
9 82 0.3194421293029297
9 83 0.3064062336267093
9 84 0.3295466383984642
9 85 0.644881021776092
9 88 0.6736245150935465
9 89 0.3327843971440557
9 90 0.5896778131900262
9 91 1.057257708316071
9 93 0.6602746560048542
9 94 2.588070676871559
9 96 1.199361208391143
9 97 3.00113721489038
9 98 0.6518879030498183
9 99 1.934036157292712
9 100 0.3447762440350101
9 101 40.32562315876692
9 102 0.3152768152920049
9 103 5.042672709287905
9 104 2.188305049407964
9 106 2.97606116948568
9 109 1.345724074869201
9 110 0.3269719997596214
9 111 11.44331559507635
9 112 1.923453981194626
9 113 0.331230276356366
9 114 13.91663317033513
10 1 2.055944244841821
10 2 0.4200924385673252
10 7 0.4499993053329333
10 9 0.6760532521577433
10 10 8.273987623261828
10 12 0.4198596702637749
10 14 0.4417567658523952
10 20 3.655339206511504
10 22 7.321130421521329
10 25 0.4374399875953646
10 26 5.220500410829618
10 27 0.4554592090937714
10 29 2.300692320794861
10 31 1.284677265310965
10 32 0.4381232256557948
10 33 0.8610745810039393
10 34 0.4951886110229469
10 35 0.4904238176455967
10 38 8.546983438784112
10 39 6.364576676686871
10 41 0.4362504064315391
10 45 2.216865758726019
10 46 2.378801218984972
10 49 1.766887285563627
10 50 9.632684607957053
10 51 0.976986387683152
10 53 0.4430028764223449
10 54 3.645895190501143
10 56 0.4275496821681415
10 63 1.010131833871263
10 67 0.3878910645739528
10 68 0.4563258713592909
10 69 0.4470723184516239
10 70 4.740921384165405
10 71 0.4363052057757515
10 72 0.4123187294027909
10 74 1.385106546628603
10 75 0.9235422592549077
10 76 0.4177814627409501
10 78 2.132030966366674
10 79 1.247427404215315
10 83 1.612305874671917
10 84 0.444109975675018
10 88 0.4574233079130361
10 89 2.700066609655981
10 90 1.149982186609786
10 92 0.443290816787586
10 93 0.4451977033510621
10 94 0.4332369720030759
10 95 1.497888797760891
10 97 0.3922852211570704
10 99 0.8622776479580399
10 100 0.472227833873108
10 101 6.022942325876397
10 103 3.347220251621583
10 104 1.531445791879381
10 106 0.4461780279514228
10 107 2.434770264583824
10 111 3.264722000341548
10 112 0.4279937716540622
11 1 29.48693787138222
11 3 4.802028779668252
11 7 12.47969968694559
11 8 1.788185191701132
11 9 2.013557947127945
11 11 3635.180080335386
11 12 14.56403791990495
11 13 0.9023672115716035
11 14 0.8752384110006717
11 16 1.279276182868189
11 17 1.838999557127214
11 18 5.814996471034132
11 19 2.991676886305461
11 20 12.07935532222756
11 21 1.836523072842825
11 22 19.80396698612858
11 23 3.94388000020363
11 24 3.227773938740174
11 25 9.100938772431556
11 26 0.3981528014273402
11 27 20.29777822096451
11 28 1.329697188608451
11 31 0.8486648767873286
11 32 26.04297138743556
11 33 4.266058069085926
11 34 20.08977297393593
11 36 82.33186682308241
11 37 2.203142928292042
11 38 13.12768947968306
11 39 6.727744249133701
11 40 2.364406292015809
11 41 7.779793522913951
11 44 1.37023546104712
11 45 0.4392027790569748
11 46 4.238616533933197
11 47 10.67731443597124
11 48 3.007951938795024
11 49 1.312751277956794
11 50 6.878770275836291
11 51 9.185392711938206
11 52 9.605818076547852
11 53 52.22186156839106
11 54 0.9026587820995383
11 55 61.80893009384854
11 56 3.38934955012415
11 58 1.34223145116944
11 59 17.18811798992086
11 60 1.810097726732785
11 61 10.86585690210413
11 62 15.24063601777945
11 63 17.48838536102629
11 64 14.70519421024499
11 65 4.437140346902702
11 66 3.569253430110924
11 67 1.923442911964261
11 68 51.96965403698339
11 69 1.771308690034069
11 70 6.405771536846727
11 71 0.4322615812213493
11 72 16.34825821869968
11 73 6.546953117251907
11 74 0.4571907060601502
11 75 2.286254643080692
11 76 6.625207741272116
11 77 15.0876372976605
11 78 1.690189131900211
11 80 1.343696618073863
11 81 0.4294364076794727
11 82 3.798893046905234
11 83 1.198878406444799
11 84 4.839178963585979
11 85 10.68411419872998
11 86 2.595883445878838
11 87 344.9903802400963
11 88 57.07629829638444
11 89 0.8914288290389
11 90 0.3802075926079138
11 91 31.79111959958659
11 92 3.952056394679182
11 93 70.55879793344666
11 94 17.17011716350203
11 95 3.458070387017736
11 96 6.993772541437758
11 97 1.945064824981556
11 98 9.104448112923496
11 99 2.990372344721322
11 100 1.402498325618647
11 101 1.990528201158736
11 102 5.393078195436017
11 103 0.4146853897388857
11 104 23.73299197369034
11 105 14.82300077468262
11 106 8.397135234467294
11 107 1.927704080302185
11 108 8.803993120090272
11 109 2.2614459760939
11 110 5.659499866001532
11 111 0.4045541932493624
11 113 18.60311548854835
11 114 32.25219512169024
12 1 39.03652840530756
12 3 3.635558253866152
12 7 9.470867321913257
12 9 2.211945592642583
12 10 0.4198596702637749
12 11 14.56403791990495
12 12 21.638034201044
12 14 0.8097351378196128
12 16 0.3952689583212918
12 17 0.4237356249353036
12 18 1.652589703152284
12 20 16.48911366354465
12 22 19.51091620649272
12 23 0.4053730211921124
12 26 1.112569669811767
12 27 3.330764242523049
12 28 4.506323120224776
12 29 5.685496773883727
12 31 1.180409205820191
12 32 3.214482033220385
12 33 2.767964669159562
12 34 9.884538519191633
12 35 0.4453658995113421
12 36 4.909975325089134
12 37 0.4074450626993785
12 38 23.17105335369944
12 39 30.04211651845607
12 41 3.201874941066098
12 45 0.8124345491344194
12 46 5.632137794618292
12 47 0.4275442797381391
12 49 1.619346765284674
12 50 13.92062616604115
12 51 2.218916547503226
12 52 3.23214459520297
12 53 10.14776405624345
12 54 1.249727135636646
12 55 4.221175929070961
12 56 11.00113461879407
12 57 0.3913216185729962
12 58 0.4132340162438357
12 59 2.786576051918049
12 60 7.099074065491999
12 61 3.153744058628896
12 63 13.72254077011875
12 64 4.23556997609511
12 65 6.006163363546782
12 66 5.770272540064291
12 67 0.3591568992646433
12 68 20.0193131583319
12 69 0.4093239971242245
12 70 3.562252914979193
12 71 3.202242670940939
12 72 2.659984870446749
12 73 0.8077537064966009
12 74 0.4215650304473753
12 76 5.769487334549895
12 77 2.52943385188
12 78 6.662873399509176
12 79 0.3829645702004546
12 80 0.8273152559580191
12 82 0.3915465585117069
12 83 1.860662727883248
12 84 2.034196267743421
12 85 1.98036154387103
12 88 12.53956621328992
12 89 1.647149277867769
12 90 0.3552453674468072
12 91 5.307613545397068
12 92 1.218444122189439
12 93 7.339538384173379
12 94 6.760832124405026
12 95 4.526726363201322
12 96 1.450035143811798
12 97 2.177488890010136
12 99 3.563373955627028
12 101 39.67749478473178
12 102 0.7706119992556442
12 103 26.19098710434733
12 104 18.93575744657266
12 105 6.455273405487941
12 106 3.677176101893159
12 107 0.442507506444758
12 108 2.849525819636081
12 109 2.504353593197673
12 110 10.07305620873357
12 111 3.011241245900408
12 112 15.73090550187546
12 113 4.50350810288622
12 114 4.415239575538616
13 1 4.071122646382327
13 7 1.784336495516956
13 9 0.6716317924390519
13 11 0.9023672115716035
13 13 1.806308479507732
13 14 0.8759788829939064
13 16 0.8535572271774535
13 17 1.380460107780515
13 18 2.238460635684996
13 25 0.4337381138613139
13 26 0.7969131996109529
13 27 2.257250920670586
13 30 0.4392837342468818
13 32 0.434409825370546
13 33 0.4269519449768472
13 34 3.923632923946404
13 35 0.9715585291029294
13 36 2.215097228457527
13 37 1.323002991806677
13 38 0.8476386344743979
13 39 1.262463192192908
13 41 0.8651460987491827
13 42 0.4270044489348741
13 46 0.4713802694490916
13 49 1.751796822939994
13 50 0.3824394186250525
13 51 1.451669388149873
13 53 0.4392066396578144
13 54 0.4517191366018385
13 55 3.207704740335317
13 56 0.4240126653820002
13 57 0.4221753400354731
13 58 0.8955981995018525
13 59 3.44044829879275
13 60 0.4529235089705477
13 61 0.7499144006492694
13 63 1.500443053159894
13 64 0.459939113993558
13 65 0.4036889072589003
13 66 1.339609416699054
13 68 8.593712729057303
13 69 0.4432063216758551
13 70 5.983599502969504
13 71 1.297869783346248
13 72 0.4090283018168882
13 73 0.4368263766886612
13 74 0.4575944639642734
13 75 0.4576554250997125
13 76 0.8288094285413269
13 77 1.830397339942884
13 78 2.960221523030528
13 81 0.8595864956776225
13 82 0.4224372873181108
13 83 0.3999320303903298
13 85 0.8554330715992747
13 88 4.987169881755745
13 89 0.8921969485540217
13 90 0.3804866351768445
13 91 0.9642594470383364
13 93 0.8827353240108156
13 94 3.436840874670641
13 95 0.9889576871699708
13 96 0.7776649728054582
13 97 0.3893056542273074
13 99 2.565276092933995
13 100 3.743350338357252
13 101 0.3984136426822128
13 103 0.4150174627083965
13 104 0.5054423259589726
13 105 2.181670015290946
13 106 0.4423274046097596
13 107 0.9647802467874323
13 109 0.4526773583909089
13 110 0.8714279857621606
13 111 0.8097389400060739
13 112 2.122240782589835
13 113 0.4433060323926581
13 114 0.3626445540053241
14 1 3.933607031562001
14 7 2.164100961207277
14 8 1.14648998974165
14 9 2.297662863020123
14 10 0.4417567658523952
14 11 0.8752384110006717
14 12 0.8097351378196128
14 13 0.8759788829939064
14 14 13.60604606004065
14 16 2.073087398840753
14 17 5.352665677348836
14 18 2.605998582833032
14 19 1.150712970964116
14 20 7.057837271763647
14 21 1.33642169949616
14 22 0.4679211476333729
14 23 0.8515035129898437
14 25 2.105932450424945
14 26 1.551360941158549
14 27 7.881641377829957
14 28 3.874392366457389
14 29 1.483632893198426
14 31 1.237921951695698
14 32 1.687284454075559
14 33 3.733100397966659
14 34 1.423411358918587
14 36 0.4299311589544969
14 37 2.140159291590959
14 38 0.4118249980556766
14 39 2.453986243010847
14 40 3.667236403999635
14 41 1.680338543241511
14 42 5.807696468716086
14 46 1.826378988232597
14 49 1.700630951060913
14 50 1.490586214081874
14 51 0.9366408624746611
14 52 1.272768072906822
14 53 4.689775012721533
14 54 0.4381206437987428
14 55 6.219631175411934
14 56 7.416199659707273
14 57 0.4102747557430926
14 58 0.4344277930326882
14 59 0.8354368146018726
14 60 0.4392534691016527
14 61 1.462164427855971
14 62 1.792068203566544
14 63 4.351770995277258
14 64 8.471232394189498
14 65 2.356760379935957
14 66 3.899222647211341
14 68 21.49484203596001
14 69 8.172054731965037
14 70 4.567297871290828
14 71 16.38532578751121
14 72 1.193536612525055
14 73 0.4240974460450882
14 76 3.223456840246784
14 77 3.992889705180795
14 78 9.862816324802887
14 79 1.203297478623436
14 80 0.4348903441179816
14 83 1.946179254694614
14 84 1.709471159419498
14 85 0.415503144563505
14 87 1.782794108773736
14 88 7.034961663914148
14 89 1.731321158409133
14 91 0.4666649939871465
14 93 1.713499959016577
14 94 33.8004900018447
14 95 1.434708717024728
14 97 2.274965525292644
14 98 0.421343949921466
14 99 2.492075707985086
14 100 3.626769683593186
14 101 4.265752273275379
14 102 0.8073446205558757
14 103 2.01755318176667
14 104 2.442447078212812
14 105 5.08361655095818
14 106 10.73209922030007
14 107 1.400699859500084
14 108 1.710508502108004
14 109 3.951256223767447
14 110 4.653521663208095
14 111 0.3939129755807808
14 112 2.062112229263199
14 113 0.4302021933879211
14 114 2.122921575995727
15 1 1.026405378056265
15 3 0.4400644063272351
15 8 0.6026482249376638
15 20 0.4056385235389613
15 28 0.4468554086192759
15 34 0.988918382582146
15 36 0.4462590559828678
15 51 0.4877534958647213
15 54 1.365343993264423
15 55 0.9234827784738514
15 56 1.280999848148262
15 62 0.4657727083485991
15 63 1.008621879390722
15 66 0.4498287027350574
15 68 2.734216761683746
15 70 0.4304160824957991
15 73 0.4399769218512847
15 85 0.4307337400475545
15 89 0.4493809132516244
15 91 0.9719984609159205
15 96 0.7826905945655579
15 101 1.203137977558983
15 103 0.4178602063853673
15 104 2.548495869743802
15 107 0.4862212210447739
15 108 0.4437760134018134
15 110 0.8777436101604472
15 114 0.3648131315617568
16 1 1.432861835526988
16 7 0.4218681924327111
16 11 1.279276182868189
16 12 0.3952689583212918
16 13 0.8535572271774535
16 14 2.073087398840753
16 16 4.045587738652246
16 17 0.4344305244724528
16 18 0.423305436890031
16 22 0.4551502305803858
16 23 0.4151499321388762
16 26 0.3790278789868731
16 27 2.560007294707975
16 32 0.4114138357569306
16 33 0.8094452013284476
16 34 0.9226778459748217
16 36 0.8382587969061914
16 37 0.4173234499207683
16 38 1.607609942270716
16 40 0.4461442068293668
16 42 0.4047661010384563
16 44 0.4317471525569336
16 49 0.4145870569905989
16 51 0.9110509309460834
16 55 1.730923208242943
16 56 1.608312965461332
16 62 2.181490914922244
16 63 1.879617210864097
16 64 0.4342396861299964
16 65 4.605079823363029
16 67 0.366809730827445
16 68 5.129122113176445
16 70 2.025608642869694
16 71 1.229436224903922
16 76 1.180278367789277
16 77 1.296472400400018
16 78 0.8021360441770582
16 79 0.391678364265303
16 81 0.4072704005715719
16 87 0.434095334216806
16 88 12.4233084111118
16 89 0.421878983623578
16 93 3.758835374454572
16 94 30.12567420459972
16 96 0.3703111195997696
16 99 1.215756132955616
16 100 1.324039679380912
16 106 1.674042574526243
16 107 0.454184425783673
16 108 0.8338778461485681
16 109 0.4277612937821783
16 110 0.8251654011412689
16 113 0.4193840658519391
16 114 2.425299203824243
17 1 2.599124203850306
17 3 0.889902965153777
17 7 0.4544551744291906
17 9 0.3405437998310981
17 11 1.838999557127214
17 12 0.4237356249353036
17 13 1.380460107780515
17 14 5.352665677348836
17 16 0.4344305244724528
17 17 8.443361068776436
17 18 2.280647777495335
17 20 0.8195660532164287
17 22 0.4933169797036724
17 23 0.893349802758681
17 25 0.4416492197171975
17 27 4.140282122967029
17 28 3.615122799782103
17 32 2.654112408352729
17 33 1.738488204609312
17 34 3.504185868748118
17 35 1.982861886188877
17 36 1.353836105543381
17 37 3.144300362472773
17 38 0.4313671177091757
17 39 3.426153611572468
17 42 0.8693532374255385
17 44 0.4659406443512728
17 46 2.403747116149989
17 49 2.23010658545004
17 50 0.3885758602915547
17 51 5.431376029010998
17 52 0.4450248227794184
17 53 0.4473204876049154
17 54 12.4284588381796
17 55 1.401265966973894
17 56 1.726296052753824
17 59 2.189178759193996
17 62 1.413736168538835
17 63 10.21402035828834
17 64 6.095075447871084
17 66 0.4549256486684859
17 68 1.843654164052326
17 69 0.902963599352297
17 70 7.831511652095669
17 71 3.523982308179932
17 72 0.416056015988839
17 73 1.33456513238748
17 76 0.8432495246153036
17 77 1.865675493257418
17 78 1.291226627902867
17 83 0.8133074557485254
17 84 3.1391773701611
17 85 0.8708245574093114
17 87 0.9373802318520978
17 88 3.696284557673704
17 89 2.726851092277964
17 91 5.41122553789589
17 93 5.394767836165035
17 94 3.498957831641502
17 95 2.019155650566339
17 97 0.395666314806232
17 99 2.611416377053641
17 100 1.431424203961385
17 101 0.8101658454874957
17 104 4.646036128617695
17 105 0.8886972945188583
17 106 11.71466223255234
17 107 0.9844040068514184
17 108 0.8974903170255956
17 109 3.690478165399747
17 110 1.774793320306375
17 112 0.8640581585170383
17 113 4.06421142123019
18 1 44.85336683416158
18 3 6.499223529067409
18 5 0.4328254003115524
18 7 4.422984800024113
18 9 2.335626158510461
18 11 5.814996471034132
18 12 1.652589703152284
18 13 2.238460635684996
18 14 2.605998582833032
18 16 0.423305436890031
18 17 2.280647777495335
18 18 3.5510349054023
18 19 2.368795851659639
18 20 16.79433373347827
18 21 0.9110510685707498
18 22 12.93370510303722
18 23 1.304757895690038
18 24 0.4574457096070134
18 26 0.3954340776632032
18 27 2.685449042249212
18 28 1.759457678346182
18 29 0.3778481336007721
18 30 0.4356098332467545
18 33 1.27046065322065
18 34 8.74587089978675
18 36 0.8785676821070622
18 37 3.061107497857656
18 38 7.567168789755617
18 39 10.01883652571917
18 41 3.432078901138478
18 42 4.235350290456433
18 44 1.359515114507827
18 46 5.605898269387334
18 49 7.383118325964169
18 50 4.555795534568837
18 51 8.629867218915741
18 52 2.600155315366518
18 53 11.32398753527886
18 54 3.134878448469379
18 55 2.271272026130775
18 56 12.19714555274876
18 57 2.931480139081434
18 58 0.8879605822967579
18 59 1.706146083334887
18 60 1.796066638314235
18 61 1.116823453562959
18 62 1.832724974653252
18 63 11.39402071880982
18 64 4.559184533217877
18 66 1.77097219838865
18 68 2.242060816515573
18 69 1.318400497879833
18 70 32.21822541963194
18 72 3.246733151215095
18 73 4.331968375747062
18 74 0.4536091253758446
18 75 4.536667704038194
18 76 2.466809907510996
18 77 1.814469659709604
18 78 13.84305071086733
18 79 3.27381565225882
18 80 0.8889356514577902
18 82 0.8380852050566601
18 83 0.7937689681044829
18 84 20.52059099134366
18 85 6.363502284002124
18 87 0.4557539612756004
18 88 5.393632612818822
18 89 5.750031811941382
18 91 10.98733295104075
18 93 9.190854205132784
18 94 3.834848927142857
18 95 6.857684765263087
18 96 0.7718999594089492
18 97 1.15925364294468
18 99 3.392543518921953
18 100 1.391269328853471
18 101 11.07088044765039
18 102 0.411899169237394
18 103 4.11738060097663
18 104 40.54810052412664
18 105 10.38506246275608
18 106 1.754423095480103
18 108 5.242536177434662
18 109 3.141484180421689
18 110 5.617270063088763
18 111 2.008735484168385
18 112 2.947145636128959
18 113 1.758270364244539
18 114 1.800631233294567
19 1 0.7042870425025354
19 3 1.147017493731985
19 4 0.5854019375021903
19 11 2.991676886305461
19 14 1.150712970964116
19 18 2.368795851659639
19 19 1725.457856393061
19 22 1.969416930740159
19 23 0.5763773509668358
19 26 0.5090107923209318
19 28 1.170206842765509
19 32 1.138402054804798
19 36 2.920335064277701
19 37 0.5805768021808571
19 38 1.653413863981393
19 39 0.5460923320013448
19 41 1.132090564226771
19 46 1.268806159917341
19 47 54.75657021638888
19 49 0.5752935218362787
19 50 0.4831531696956553
19 52 0.5736439516156258
19 55 0.6108356817181546
19 59 1.685206361548412
19 60 33.07622650381536
19 61 0.4712761625275324
19 64 1.841504110391925
19 66 0.5902054717615441
19 68 1.200631038455083
19 69 1.753131134303709
19 70 1.114449619139225
19 71 1.132277482596675
19 74 1.828913296425662
19 75 0.6097919076631265
19 77 0.6096946343894187
19 78 0.5495787023176611
19 80 3.559459978025301
19 84 0.579348472622602
19 85 0.5577561645451199
19 87 7.362495329223171
19 88 1.806602685720832
19 90 0.4800395288817521
19 91 0.6540328086604963
19 92 0.5779544536679697
19 94 2.804867225002544
19 97 10.37753616288312
19 98 2.273255257328691
19 99 1.114943241340905
19 101 0.5089373304220989
19 104 0.6977070080461492
19 107 1.963336757222875
19 108 12.75579619540414
19 109 1.20199574662347
19 110 1.142872454754147
19 112 0.552215883685905
19 113 0.5845744685370692
19 114 0.4519793791619838
20 1 32.70279701362441
20 2 0.7498185684010094
20 3 2.738710060367285
20 7 11.95746283091188
20 9 5.546929078949674
20 10 3.655339206511504
20 11 12.07935532222756
20 12 16.48911366354465
20 14 7.057837271763647
20 15 0.4056385235389613
20 17 0.8195660532164287
20 18 16.79433373347827
20 20 3040.577440180502
20 21 0.4092908141863151
20 22 29.97163995908002
20 23 22.37693391552034
20 26 17.28579772936016
20 27 2.820027152932616
20 28 3.96604255316313
20 29 38.34765487744121
20 31 1.907015799620722
20 32 5.838532831371335
20 33 5.748570185377082
20 34 1.734534797309925
20 36 16.24147185308619
20 37 0.3945240706331681
20 38 22.84257459627777
20 39 297.7157816017922
20 40 0.8403662575200198
20 45 1.180122527885228
20 46 7.535865096288538
20 49 1.176224380581834
20 50 87.43949417920956
20 51 6.427408790696508
20 52 2.739160661336823
20 53 3.144664106866671
20 54 10.07693038025432
20 55 5.715674619702525
20 56 8.759957055507797
20 57 1.517542490491389
20 58 1.199836522067433
20 59 11.57207369986522
20 60 0.4040353057593215
20 61 8.179527994670767
20 62 0.4114347352299317
20 63 1.323584908627831
20 64 5.734531720546047
20 65 1.093162115620631
20 66 0.797887064603403
20 67 55.85141825194371
20 68 3.22830543884118
20 69 2.773972880842665
20 70 11.89156717612749
20 71 0.3878032696445365
20 72 2.949853193098005
20 73 5.476445799608263
20 74 0.4077477538205674
20 76 7.461920369595438
20 77 0.815503443923241
20 78 7.979193728107512
20 79 21.91999455724743
20 82 0.3795998386432022
20 84 1.575823233534674
20 85 8.828581424125375
20 87 0.4094797765226655
20 88 2.830776107975255
20 89 1.594371700008815
20 90 3.799142939261134
20 91 4.271138782718269
20 92 16.51890320190126
20 93 8.685845632099937
20 94 5.780592475247068
20 95 1.31033719359051
20 96 3.170174086688963
20 97 18.68921507413848
20 98 0.7776552568363432
20 99 8.058036581115122
20 101 205.247467326711
20 102 1.868632083971994
20 103 22.7891609354593
20 104 4.453133520637051
20 105 0.3907816864842313
20 106 5.933686569732307
20 107 0.8546305129146514
20 108 11.82522557415102
20 109 6.46143910358505
20 110 4.293079232281479
20 111 8.768385818000736
20 112 6.099512182223338
20 114 41.3256998919476
21 1 0.5190276117334028
21 3 37.77113377149954
21 8 21.9862688739658
21 11 1.836523072842825
21 14 1.33642169949616
21 18 0.9110510685707498
21 20 0.4092908141863151
21 21 4.677897315209995
21 28 1.805171707544446
21 32 11.48621971872389
21 33 0.4340670813268658
21 36 0.4506839950471555
21 39 2.138661914360622
21 40 0.4820779609255076
21 49 0.8908887603693983
21 50 0.3881378812632215
21 53 2.233704113602264
21 59 0.8745626976571985
21 60 1.843728619480585
21 61 1.521731850191087
21 67 1.172241757702935
21 74 0.9315698347438154
21 75 2.329176504050408
21 77 0.4657837714674953
21 78 0.4298692843691436
21 85 0.4348545462180397
21 88 1.38423419824219
21 91 0.9824500815570875
21 99 0.4346809296882492
21 102 2.109537464162092
21 103 0.4217370910230078
21 105 0.4437670477124026
21 109 1.382061745865196
21 110 0.8862571516976834
21 113 0.4509818531496873
21 114 5.884065272364102
22 1 1749.365221242268
22 3 7.934017326571716
22 4 0.4745480582551792
22 7 21.4734195367258
22 9 3.178238759239663
22 10 7.321130421521329
22 11 19.80396698612858
22 12 19.51091620649272
22 14 0.4679211476333729
22 16 0.4551502305803858
22 17 0.4933169797036724
22 18 12.93370510303722
22 19 1.969416930740159
22 20 29.97163995908002
22 22 126.9338384199261
22 25 0.9261586078906161
22 26 8.038683262356574
22 27 1.933308254700439
22 28 0.9487098766090346
22 29 8.866345921383678
22 30 0.4694075747785418
22 31 1.358331951759603
22 32 19.4818590061692
22 33 1.366093004013559
22 34 139.4749622644846
22 35 1.0457734905519
22 36 11.36840230966676
22 37 2.828244978458392
22 38 39.30613509692313
22 39 54.70402114912002
22 41 10.62034272350708
22 45 2.348731590133885
22 46 54.16903961535694
22 49 31.81658755107208
22 50 12.152049751775
22 51 56.75676531172224
22 52 3.267584025022972
22 53 40.36210389246435
22 54 43.52795208405492
22 55 22.59193288952062
22 56 8.136309298823182
22 57 0.4499233535729119
22 58 4.31227111996741
22 59 23.40350454600444
22 60 3.395106020294204
22 61 2.380118407845604
22 62 0.9914471509485807
22 63 135.9734515258654
22 64 18.73707015124723
22 65 0.857969803343191
22 66 13.37569109280471
22 67 0.8158302992039742
22 68 34.87018462102073
22 69 0.9477911243813183
22 70 59.7189167254493
22 71 2.309095203482228
22 72 21.31624801545851
22 73 10.73204305724894
22 74 1.961474283193564
22 76 3.970007535860889
22 77 7.355894366291523
22 78 8.564097775079059
22 79 0.8778147045659384
22 83 1.699006065173057
22 84 20.23448643755421
22 85 35.12940340524434
22 86 1.124840300530602
22 87 0.9857825793122309
22 88 73.80275813664997
22 89 13.36158230541019
22 90 0.8057087023696311
22 91 116.1816587394577
22 92 0.4696427348159483
22 93 113.701681517155
22 94 0.9167514539191441
22 95 155.632455009722
22 96 4.947043344997886
22 97 2.889482307664668
22 98 0.4632712600124248
22 99 5.472410683320803
22 100 2.009004952525923
22 101 16.49845634364993
22 102 4.419956608409135
22 103 8.394353664100914
22 104 775.5143361708868
22 105 19.57396465201849
22 106 4.256013253646318
22 107 1.03792410484406
22 108 1.883519301957362
22 109 1.454237282118299
22 110 55.37500274478947
22 111 4.733573607585678
22 112 1.357546211406738
22 113 22.27849696559628
22 114 1.148774293249643
23 1 1.969778553383746
23 3 0.8494783826237374
23 9 1.642834934227951
23 11 3.94388000020363
23 12 0.4053730211921124
23 14 0.8515035129898437
23 16 0.4151499321388762
23 17 0.893349802758681
23 18 1.304757895690038
23 19 0.5763773509668358
23 20 22.37693391552034
23 25 0.4217369650969034
23 26 1.553224471862089
23 27 0.8769246288772445
23 28 1.724249625386974
23 32 2.534245546890973
23 33 0.8306399083258384
23 34 3.326152136703291
23 36 0.8610108042290384
23 38 2.061758437570314
23 39 4.095167463398671
23 42 0.4153682336163911
23 44 0.8876737170940926
23 49 0.8514340831753089
23 50 2.984581065292157
23 52 2.124070690801485
23 53 3.415250430534845
23 54 0.4387167452733053
23 55 4.003831217101918
23 56 2.062683295134595
23 58 0.8700300709017385
23 59 0.8365101952789463
23 60 0.4398526493300812
23 61 0.7319052496237102
23 62 8.972814095735156
23 63 0.9685008132629613
23 64 2.678824970179624
23 68 1.757058841937065
23 69 0.4306827932164547
23 70 4.57317484019533
23 71 0.4206821387236122
23 72 1.195007574289041
23 73 0.4246559787441037
23 77 2.665594919145447
23 82 0.4110454304218822
23 84 1.283805028527228
23 85 1.248117699223469
23 86 0.5025439157774617
23 88 9.245958524627738
23 91 2.80408415193124
23 93 5.147332046284433
23 94 3.760467558345829
23 97 0.3796109108390545
23 98 2.109476055478639
23 99 4.158810785745189
23 100 0.4539788424439487
23 101 4.270878345078799
23 104 0.4892172374829995
23 106 6.017963000185883
23 108 7.279275709744666
23 109 0.4396204686404477
23 110 0.8472027345745632
23 112 0.4129502315571752
23 113 1.292337547262717
23 114 4.958910673544034
24 1 0.5215292425964184
24 6 0.4721069870970984
24 11 3.227773938740174
24 18 0.4574457096070134
24 26 0.4061678538457408
24 27 2.306960736510115
24 30 0.4486725606265444
24 33 0.4358155338357675
24 34 0.5021831140761122
24 36 1.357769319675027
24 53 0.8972359426249058
24 58 0.4575546639176935
24 61 0.3817794566597301
24 63 1.02476324811501
24 65 0.4116036597457085
24 78 0.4315840036933545
24 83 0.4076987316915699
24 104 0.5179132162426815
24 107 0.9875245896230657
24 110 1.334893812558265
25 1 0.4863489694742845
25 6 0.8862378327664756
25 7 7.287473964210698
25 9 0.6517011848193146
25 10 0.4374399875953646
25 11 9.100938772431556
25 13 0.4337381138613139
25 14 2.105932450424945
25 17 0.4416492197171975
25 22 0.9261586078906161
25 23 0.4217369650969034
25 26 2.691552890094039
25 29 0.3678626570388993
25 30 1.689579794942718
25 33 3.287827318040081
25 34 1.408473709866836
25 36 17.45955059248623
25 37 1.271933309709337
25 39 4.45822907352877
25 42 0.4110251418287329
25 50 0.3695723474807223
25 52 3.782439561853652
25 54 0.4338743183843526
25 55 0.8797756492766345
25 56 0.8164982159834376
25 62 3.105041717086848
25 64 0.4414519553312743
25 65 0.3893784449964199
25 69 2.130062627429604
25 70 2.879741073454531
25 71 0.8324549829273354
25 72 1.183016116447206
25 74 0.439291582592684
25 75 0.439347844494721
25 76 1.597346231330853
25 77 0.4392968654764118
25 78 1.221630063424895
25 79 0.3975360943053048
25 80 0.4307061166153102
25 81 2.481645948333709
25 82 0.813583562201589
25 84 0.4233245717125511
25 87 0.4413027831371599
25 88 2.177034694521398
25 89 0.4286831369941533
25 91 0.923697744982803
25 94 4.134347053424947
25 98 8.348300403152098
25 99 5.349842288025695
25 100 0.8975881644327697
25 106 2.12602409557433
25 108 1.694315336545557
25 111 0.7809429616634922
25 114 0.7020973932663794
26 1 5.30913530705289
26 3 0.3870029147471711
26 9 1.52759446967486
26 10 5.220500410829618
26 11 0.3981528014273402
26 12 1.112569669811767
26 13 0.7969131996109529
26 14 1.551360941158549
26 16 0.3790278789868731
26 18 0.3954340776632032
26 19 0.5090107923209318
26 20 17.28579772936016
26 22 8.038683262356574
26 23 1.553224471862089
26 24 0.4061678538457408
26 25 2.691552890094039
26 26 7.843483265065656
26 27 0.7967195115614022
26 29 16.76592028694574
26 30 0.3888619508841474
26 31 3.396346759938802
26 32 1.925174655900601
26 33 2.6541736012851
26 34 1.713700973500255
26 35 1.699383643456648
26 36 1.567133231209598
26 37 1.951011794838583
26 38 4.520288728322227
26 39 31.44314282968054
26 41 0.3835910679909176
26 45 5.058107294432489
26 46 5.379445089938153
26 49 5.429381246765632
26 50 14.43288516048303
26 51 4.234089937739177
26 52 0.3870664098789018
26 53 0.7775944652248061
26 54 10.76150659687241
26 55 0.4036435235760438
26 56 1.130532914788853
26 58 0.3955154777792017
26 59 0.3816139690509509
26 60 3.995059782430074
26 61 2.025531449971733
26 62 0.4067442372842936
26 64 1.214883753967305
26 66 0.7890586008160353
26 67 1.037062058827702
26 69 0.7838609807340178
26 70 8.349417367813787
26 71 1.918148955781974
26 72 1.459846678895065
26 73 0.3869351773416619
26 75 1.612726284078593
26 78 10.52683185858794
26 79 0.3676998734462802
26 80 0.7917984736519732
26 81 1.144214523172727
26 82 1.502413030055112
26 83 0.7154025830678696
26 85 0.3797688725257239
26 89 3.547697128466087
26 90 2.394461976975367
26 91 0.8441097458667344
26 92 0.3890233399166196
26 93 0.7809735701789259
26 94 0.7625103062568019
26 95 2.157488774208811
26 97 1.396710633176638
26 99 4.935237503461134
26 101 17.11132238280775
26 102 0.3698579143304926
26 103 2.957772050994578
26 104 2.199133393627975
26 106 2.738707378943992
26 107 2.111236103385803
26 110 1.158170699925382
26 111 3.254826067532658
26 112 2.640332961648621
27 1 23.91064892420253
27 3 1.747193051958795
27 7 1.337897589158825
27 9 0.33575334937904
27 10 0.4554592090937714
27 11 20.29777822096451
27 12 3.330764242523049
27 13 2.257250920670586
27 14 7.881641377829957
27 16 2.560007294707975
27 17 4.140282122967029
27 18 2.685449042249212
27 20 2.820027152932616
27 22 1.933308254700439
27 23 0.8769246288772445
27 24 2.306960736510115
27 26 0.7967195115614022
27 27 19.85853059123692
27 31 0.8491412260827303
27 32 3.040089651999287
27 33 2.561085382903443
27 34 15.19970260151919
27 36 10.62970685233387
27 37 1.32266168727483
27 38 4.237101914209384
27 39 0.8414333766502308
27 41 2.162298353324555
27 44 1.371064216518161
27 46 3.298762341023945
27 49 2.627030044833521
27 51 5.321257653130234
27 53 1.317281371371777
27 54 0.4515949290974757
27 55 36.64974809078491
27 56 0.8478102030369836
27 58 0.4476723624059934
27 59 9.028910814288309
27 61 0.3748753131802277
27 62 0.9242367041148252
27 63 9.499969757815125
27 64 9.656159084519885
27 65 0.4035897069732257
27 66 0.8928359980647305
27 68 122.0887726308685
27 69 1.329258874463656
27 70 3.418345916372582
27 71 0.865027417824529
27 72 3.680350067770899
27 73 1.310143662848877
