%%MatrixMarket matrix coordinate real general
%
115 115 9404
1 1 141880.9396192292
1 3 31.23887495458318
1 4 3.009044543918126
1 7 9.989301091742977
1 8 1.939394586215072
1 9 8.850262124485496
1 10 4.353781748048623
1 11 65.25950589331667
1 12 103.5965232133329
1 13 5.380079575931308
1 14 17.30034474461396
1 15 1.489539088078304
1 16 4.333365054095186
1 17 3.344475761005006
1 18 166.8582759055504
1 19 2.741168825788668
1 20 48.83729353185434
1 22 4605.592798590854
1 23 9.212759373874754
1 24 0.9476898442231457
1 26 13.93287735820176
1 27 31.57877595874822
1 28 6.880335640398535
1 29 23.95024065784894
1 30 1.471512501784839
1 31 5.224404932281835
1 32 122.271157190734
1 33 7.776516415345101
1 34 6173.776740099957
1 35 0.4854959654520694
1 36 83.9639178372416
1 38 850.874367627517
1 39 174.4544000355023
1 40 7.654199170937102
1 41 148.9309540045725
1 43 0.9589353241140691
1 44 0.4807666925538779
1 45 1.922699447908244
1 46 1570.01297420478
1 49 484.4891935578238
1 50 92.93376795520579
1 51 2391.607954741842
1 52 56.91318300828615
1 53 372.7921285553478
1 54 81.94808933807249
1 55 241.2840718431428
1 56 88.78911854635189
1 57 0.4795513459900771
1 58 4.99281690853821
1 59 256.4391353625027
1 60 1.445171278749879
1 61 82.85196710707662
1 62 8.688081855155669
1 63 8028.821889416105
1 64 147.509962371982
1 65 5.357098586313695
1 66 118.9798556673419
1 67 21.92794924498381
1 68 299.3693323909505
1 69 1.466170882760512
1 70 322.1434830343103
1 71 0.9174902889229521
1 72 90.67220017890061
1 73 129.5156972186977
1 74 2.973117694610388
1 75 8.22359716098175
1 76 26.24133510596846
1 77 41.03732013936198
1 78 64.50844170014969
1 79 12.54354385598227
1 80 1.972899977067956
1 82 1.448156330556224
1 83 23.08483754537988
1 84 592.8162590112685
1 85 285.3001508833138
1 87 5.906043648434324
1 88 1014.293891511234
1 89 943.5498526703583
1 90 3.398984292767372
1 91 2840.984819500538
1 92 3.849929687453993
1 93 1491.146553549781
1 94 10.58302313777764
1 95 9435.185089148306
1 96 198.6481641231665
1 97 1.928488215466484
1 98 1.42821538563645
1 99 259.0500237060252
1 100 23.79213875196912
1 101 121.2081206661448
1 102 179.2631654916812
1 103 172.6322016926986
1 104 46120.75405694048
1 105 228.3029831063034
1 106 36.12238386378348
1 107 0.4805177622698042
1 108 4.81187701799639
1 109 1.470102884563055
1 110 989.1454270895654
1 111 43.7824116573297
1 112 45.20428776682758
1 113 355.0310382089324
1 114 8.748671563326569
1 115 1.451515021245964
2 7 0.4609471218490332
2 9 4.543170357963098
2 12 1.34931467579919
2 14 5.637606038632501
2 18 0.9246377288274512
2 24 0.4390646586976315
2 25 0.4440173201949516
2 26 3.112930886817491
2 28 3.178846143863232
2 29 10.64325552291545
2 33 0.8989609580030435
2 34 0.4780291026599292
2 38 2.668226784335397
2 39 0.9081758615217789
2 40 1.674866258002548
2 42 4.067135790420903
2 50 11.08747610966694
2 57 0.443956443024537
2 59 0.4740881999514814
2 62 1.699134470113942
2 63 0.4797193933988556
2 64 0.4557315920028054
2 69 1.35535162177401
2 70 0.8731486295632021
2 71 2.556392524300474
2 74 0.4575831172777518
2 75 0.848820759206747
2 76 0.4572451448851829
2 80 0.4556354166391076
2 85 3.780543347857634
2 91 0.4776059310162111
2 93 0.4660579917995807
2 95 1.923028175642861
2 96 0.8273142624967004
2 97 0.4461488271917474
2 99 2.228052330477984
2 100 0.457714317284418
2 101 0.8806279892462657
2 103 9.243335378593525
2 104 0.9611286194148322
2 106 0.440292692014375
2 109 2.7174397476931
2 110 0.9307446232277652
2 111 3.117012654327431
2 112 0.4407567210393298
3 1 31.23887495458318
3 3 131.4636018593482
3 4 0.8999213741246016
3 5 0.5352099107824962
3 7 3.586349915278288
3 8 6.547407723766815
3 9 3.978174159164633
3 10 0.4356007609587143
3 11 38.09093434204989
3 12 7.441201193740118
3 13 2.19961612402575
3 14 2.957098300375524
3 17 0.8615358931533382
3 18 3.147163293366204
3 19 16.54688350645205
3 20 7.768401110794702
3 22 5.982213566198392
3 23 15.7145571292955
3 24 1.28265975413363
3 25 1.729055669266499
3 27 0.92585959475595
3 29 6.476167800670458
3 30 1.323180732648653
3 31 1.285320938160143
3 32 36.47446901829941
3 33 1.749799530983486
3 34 8.359958689242404
3 36 2.720419329922684
3 38 16.45077566740767
3 39 3.976261723548047
3 40 0.4082699338820311
3 41 3.139794342719722
3 43 0.4321229345411324
3 44 0.8664054683549494
3 46 6.388143299690097
3 47 3.416428071959744
3 48 0.429312887147603
3 49 7.579078476432475
3 50 18.9979988260236
3 51 0.9171283396118656
3 52 0.3579753880698487
3 53 209.8438115394701
3 54 1.295769825187568
3 55 7.840818403210973
3 56 10.13338165490846
3 57 2.160999021311231
3 58 4.033368162329153
3 59 3.225056716074314
3 60 6.943164698522581
3 61 4.581243605638281
3 62 5.38216252658304
3 63 1.398117155512916
3 64 3.990264391050764
3 65 3.94412100380756
3 66 0.4699092453806235
3 67 1.654645474676514
3 68 16.67251435172342
3 69 0.8792839107660128
3 70 6.803238971946717
3 72 172.7528159942969
3 73 0.9166296007852447
3 74 1.78049174031527
3 75 1.654748860095146
3 77 1.857355710477677
3 78 1.700520890842863
3 80 2.659618644679841
3 81 0.4344365838316538
3 82 3.478032602023255
3 83 9.454427631423401
3 84 10.32573735647335
3 85 2.296366738411255
3 87 2.212037658709801
3 88 23.66621833417566
3 89 3.980077988321461
3 91 11.60110314735138
3 92 1.300659391134344
3 93 24.46912453922944
3 94 12.13530318905113
3 95 5.604190254701006
3 96 2.420612939754416
3 97 0.4342830142533147
3 98 6.440403472414384
3 99 3.470170366131355
3 100 4.452372562912426
3 101 34.30053104946469
3 102 2.224280309790017
3 103 4.915390926251294
3 104 10.27039300426445
3 105 7.622467827263703
3 106 24.00877244912891
3 108 1.734101011165225
3 109 0.4406855640922038
3 110 4.072351099147107
3 111 1.733900083765106
3 112 1.287493929552624
3 113 27.16844467133031
3 114 8.748977687546741
3 115 1.306989150940326
4 1 3.009044543918126
4 3 0.8999213741246016
4 4 0.9653148488955098
4 5 0.2789589902585669
4 11 1.946946522902082
4 12 3.749166096031908
4 13 0.4711553321649696
4 17 0.4606611814207884
4 20 0.9232585354962726
4 22 5.933748945532359
4 23 3.270866279945333
4 26 0.4631299516550894
4 28 2.840219974748182
4 30 1.889950698528079
4 32 0.9176231259605978
4 33 1.40497097902386
4 34 1.997622285046491
4 36 1.459983953633981
4 38 4.631468687482984
4 39 1.893336315693027
4 41 0.481050888273342
4 45 0.9267464522566563
4 46 0.4899784252881074
4 49 1.433843081781337
4 50 0.9237108001641265
4 52 0.3783843591967747
4 53 1.439357304969549
4 55 2.974178335700845
4 58 7.690002445564665
4 59 12.37782978353076
4 61 0.4443783210081973
4 63 0.5012286622440919
4 65 2.346166696089931
4 66 2.022979757561053
4 68 5.476810410110793
4 69 0.4708154106495639
4 72 2.692585962609343
4 73 7.877185232217903
4 74 1.908548220698016
4 76 1.430273577745677
4 77 4.992925861240797
4 80 3.800108154970802
4 84 2.40766920602208
4 85 8.881940325388873
4 87 0.4740087439608959
4 88 6.486315848613829
4 91 7.484267768149594
4 93 4.377258088693485
4 95 0.5023571701931873
4 96 3.006930990168471
4 99 1.392363856993578
4 101 0.4583726601760584
4 104 4.017485532179572
4 105 6.251594762052689
4 106 0.9167421307946322
4 108 1.855342997380923
4 109 1.41611850289574
4 110 3.884913933043111
4 113 1.432315626033158
4 114 11.24015769293919
4 115 0.9326167200751673
5 3 0.5352099107824962
5 4 0.2789589902585669
5 9 0.2758966067786589
5 11 0.5603874022906844
5 12 0.2742153272837215
5 16 1.362896007116454
5 20 0.2717930519772818
5 23 0.2737428405560222
5 30 0.8263229184639916
5 31 1.08192761655676
5 43 3.807142559454026
5 48 0.2708936371494944
5 49 0.2773749233691707
5 61 0.5312617826187535
5 65 1.097399014802632
5 89 0.2759782013766362
5 92 2.452447399211381
5 94 0.2725159217541793
5 95 0.5706091469346198
5 96 0.2603597903076157
5 98 0.2709135562694674
5 100 0.8311911535965447
5 101 0.2706717576319714
5 102 0.2769996670187648
5 103 0.5256466323382314
5 106 0.5411107220459385
5 110 0.2799351001636336
5 112 0.2708371744998394
6 20 1.312924575981506
6 29 0.4378337761888259
6 30 0.4474192474139033
6 33 0.4436924032835204
6 36 0.9201310040211432
6 43 2.629177130671466
6 44 3.075119073758755
6 48 14.36498512884325
6 52 0.7241107832117951
6 65 0.888922791028986
6 67 3.353715212949044
6 71 0.420884275879886
6 78 1.293012364004043
6 79 0.8813171078691967
6 80 0.4496838389196822
6 86 0.4349292606210716
6 92 0.8793043004413877
6 96 1.226172930811997
6 97 3.96379522866751
6 100 0.4517086772340574
6 103 2.07535916551292
6 115 1.767394071936419
7 1 9.989301091742977
7 2 0.4609471218490332
7 3 3.586349915278288
7 7 28.73507139239129
7 8 13.49860689663295
7 9 7.07639317170042
7 11 10.18122224004159
7 12 2.334310767579983
7 13 2.816274518894398
7 14 4.045706329294528
7 18 2.401995034899316
7 19 5.275293368137234
7 20 3.679041921272023
7 21 2.757144831308123
7 22 3.447412613965723
7 23 4.189457874762432
7 25 0.4606501383153253
7 27 0.4956148885144649
7 28 0.4715331765854534
7 29 0.4600650498124741
7 31 0.4563210615984892
7 32 17.36915578250523
7 33 1.399650925338103
7 34 3.481705309558913
7 36 5.81697713714596
7 37 0.4700146072198966
7 38 6.921048018096256
7 39 9.430283183599318
7 40 2.167410254427824
7 41 3.35434862673451
7 43 11.51248755900997
7 44 3.23200748461685
7 49 1.904387284285836
7 51 0.4906187792376643
7 52 0.3772241952554917
7 53 5.257159064982186
7 54 0.4602711683895931
7 55 5.924433544161074
7 56 0.4492707920483158
7 57 11.51487793678594
7 58 9.096228953752727
7 59 6.903656851127879
7 61 1.771150924340857
7 63 1.996845103536461
7 64 0.9465924788118502
7 65 37.86353568121725
7 66 5.540505167471353
7 67 2.637508026038539
7 68 15.37221750718115
7 69 7.973561859896711
7 70 0.4526495810128489
7 71 0.8827161444766941
7 72 18.33217606560491
7 73 3.922875261060899
7 74 1.901154472021689
7 76 4.27429465316386
7 77 15.91273370742642
7 78 3.167916132815273
7 80 2.365890022664218
7 83 0.9622214019112275
7 84 3.837250753868454
7 85 6.389024046888084
7 87 0.4721889083442685
7 88 17.39250787338327
7 91 7.453979281658472
7 92 0.9242853582266096
7 93 15.01758074973604
7 94 0.461945354325518
7 95 2.001323262602555
7 96 5.992933914200892
7 97 0.9259250765962924
7 98 0.4573586919677894
7 99 3.236654658648972
7 100 4.278842145490496
7 101 3.653417059876362
7 102 1.899971231368954
7 103 0.8700830188299312
7 104 10.50283775579208
7 105 4.790087690333849
7 106 1.82661392308952
7 108 1.848355035363801
7 109 0.4702277007966487
7 110 8.706500475730786
7 112 0.4571415578214733
7 113 3.329148326131932
7 114 1.399676092771735
8 1 1.939394586215072
8 3 6.547407723766815
8 7 13.49860689663295
8 8 10.86605106158414
8 11 0.4710279606387252
8 12 0.9081630592254751
8 13 0.9129371835923079
8 15 0.4628917347607674
8 17 0.4465832521068241
8 18 0.9337474330468082
8 19 2.141251366628446
8 21 35.32313754842897
8 22 0.956568609304182
8 23 0.9055741305258271
8 25 0.4482001949225314
8 28 2.751032528046619
8 29 3.58117308981867
8 31 0.4441009980425232
8 32 14.6790021073136
8 33 1.815123834070149
8 34 3.86321985440839
8 38 6.733648959425373
8 39 2.292359301393684
8 43 0.8961148909596339
8 45 0.8982281746228965
8 46 1.896373651775946
8 50 0.447676339040697
8 53 0.9290735996308243
8 55 3.355934798862612
8 56 3.061954571974441
8 57 1.792583159019433
8 58 3.25717361371204
8 59 1.436630541289771
8 60 0.9000497023670231
8 61 0.431264144391572
8 62 0.4286149778871605
8 64 0.4601392850646664
8 66 1.955273795022552
8 67 11.13388415819203
8 68 0.4814557512913961
8 69 0.4561197217853703
8 70 0.440622807240308
8 71 0.8598215737997023
8 72 4.353847343000212
8 73 3.333849703051644
8 77 2.413953546912318
8 78 0.4405311074168352
8 79 0.4506463704004723
8 80 3.220353670879936
8 83 0.4675223911875767
8 84 3.26314728648387
8 85 7.637079528515834
8 88 3.859737601051138
8 89 0.9178742013765174
8 91 2.412346494753829
8 92 2.247977349722824
8 94 0.4494262343254335
8 96 6.259269090355793
8 99 1.799343804672465
8 100 0.4621606455856607
8 101 1.333291523832495
8 102 0.4617533324031277
8 103 0.8478313322475897
8 104 0.9709755980412726
8 106 1.777652403568403
8 110 1.409942838032632
8 111 0.8990177662851524
8 112 1.77953596206633
8 113 0.9246731608142539
9 1 8.850262124485496
9 2 4.543170357963098
9 3 3.978174159164633
9 5 0.2758966067786589
9 7 7.07639317170042
9 9 1317.274706759348
9 10 1.373157626066455
9 11 2.387431244636919
9 12 15.64195690711721
9 13 0.9250326404241711
9 14 4.875289189671797
9 15 0.4691096161540487
9 16 4.556863152507008
9 18 3.312358601706158
9 19 0.4335758843900409
9 20 25.83676604027387
9 21 0.4529260810011045
9 22 3.879428805032286
9 23 13.30316026345941
9 26 2.728528440654162
9 27 1.463941831224999
9 29 393.1537612127064
9 31 0.8996650855784172
9 32 4.505608149260791
9 34 4.407061952732675
9 35 0.4592869446219208
9 38 99.13698916368034
9 39 30.19740095970484
9 40 0.8551837384528111
9 43 0.9077656304440391
9 44 1.365170978017124
9 46 11.05434059147053
9 47 1.793202227185666
9 48 0.4507732610240152
9 49 6.097331374892216
9 50 430.3673672937183
9 51 11.11200962387629
9 52 2.981775484106684
9 53 1.412384545053175
9 54 6.804979811915517
9 56 48.2837542101344
9 57 15.88892637847971
9 60 47.41329673484962
9 61 2.183251866868894
9 62 1.735775437564156
9 63 5.8973754502633
9 64 5.129244069044073
9 65 15.20076439274426
9 67 1.734206016512012
9 70 27.6678519725154
9 71 0.4353024827030891
9 72 9.25843570933977
9 75 1.300729780791537
9 76 2.339395757685579
9 78 42.83155713171095
9 79 6.391666629822246
9 83 1.895511032986496
9 84 0.9449613513731175
9 87 0.4652323021021111
9 88 0.9784597974769037
9 89 6.975654347902264
9 92 2.277318473477986
9 93 4.771142405110476
9 94 0.4552852651831104
9 95 1.477604963787715
9 96 2.534013993450708
9 97 24.18185304851969
9 99 5.924214171381647
9 100 5.15209087809972
9 101 212.4782640224548
9 102 6.083389179111517
9 103 18.02280071794116
9 104 8.861924631644706
9 105 0.4718361853504454
9 106 4.051230484805357
9 108 1.821689435714085
9 109 1.390001661427111
9 110 1.429188855769225
9 111 51.4561666972081
9 112 1.351863215633345
9 113 0.9370839463133384
9 114 16.55146488799904
10 1 4.353781748048623
10 3 0.4356007609587143
10 9 1.373157626066455
10 12 6.343543517943515
10 16 0.4488643661914481
10 18 1.863384587996021
10 20 6.251454568195673
10 22 1.908824739575644
10 23 0.4518132416950514
10 24 0.4422347947048924
10 26 4.479658582044059
10 28 0.9150579848008453
10 29 2.680268780018804
10 31 3.545387542130023
10 34 0.4817895121169789
10 38 12.0950608737433
10 39 10.52228623027475
10 45 0.4481680069817619
10 46 5.676547826963176
10 47 0.8834033307676541
10 49 11.5450988503119
10 50 8.488093673336094
10 51 6.181114053055401
10 52 1.472690714236632
10 54 13.85407148532034
10 55 1.91336294803387
10 56 1.309566096202337
10 58 0.4642852848615545
10 59 0.4777866051236815
10 61 2.151931579096121
10 64 1.377474621996548
10 65 0.4536561785986755
10 69 0.4551456866393878
10 70 7.035396358601575
10 72 0.8690112849155764
10 73 0.4751880562003358
10 74 0.4610274856042414
10 75 1.282200690897759
10 76 3.685549849685433
10 77 0.4816783526949321
10 78 4.835826820113095
10 79 3.147905520541469
10 82 0.4499313894422448
10 83 0.9330307349483724
10 86 0.44368493024487
10 88 4.813730904091015
10 89 4.579442404649691
10 90 4.071727245331104
10 92 5.832492689740929
10 94 0.8969900855293846
10 95 1.938284157044674
10 96 2.082316188217272
10 97 2.69655109132853
10 99 1.346654548792244
10 100 1.383517567726578
10 101 5.322108919904364
10 102 1.843065541248692
10 103 4.230648097141058
10 104 3.875082145799117
10 109 3.650304190364436
10 110 1.406851026485264
10 111 2.24277097238505
10 112 1.331860018374842
10 114 4.528237510973022
10 115 3.156355210447257
11 1 65.25950589331667
11 3 38.09093434204989
11 4 1.946946522902082
11 5 0.5603874022906844
11 7 10.18122224004159
11 8 0.4710279606387252
11 9 2.387431244636919
11 11 221.87246152456
11 12 17.95383010075424
11 13 0.9501240860593271
11 14 1.818877577653693
11 15 0.9641152357975468
11 16 0.9357276947387893
11 18 5.349729973012379
11 19 2.222900771661295
11 20 7.910468743040735
11 21 0.9299162479999472
11 22 17.95443824808808
11 23 4.710674999757438
11 24 0.921292430840901
11 25 0.4661061194956178
11 26 0.9337685668660033
11 27 2.509859584566231
11 28 0.9545550674428633
11 29 1.862069760652449
11 30 1.905484987649205
11 32 33.75941579330649
11 33 0.944311195279658
11 34 27.2030748192793
11 36 92.26919661091786
11 37 0.475696058142711
11 38 15.8739424867276
11 39 4.772349822050827
11 41 14.06802802920123
11 43 2.795722577401382
11 44 1.86879023428615
11 46 1.482568754632451
11 47 0.4600699627880553
11 48 0.9253301153272658
11 50 3.724423428150294
11 51 2.484218633940551
11 52 8.378422063754796
11 53 133.0458161661116
11 54 1.862911764004991
11 55 40.99781151683521
11 56 4.999090944465397
11 57 2.796317723639054
11 58 6.300379333100428
11 59 41.44882282790719
11 61 21.04762443182687
11 62 5.339530191315494
11 63 10.61852202553094
11 64 13.41346200028313
11 65 9.46145548059962
11 66 13.26557240727271
11 67 3.556373295562119
11 68 89.39304321938371
11 69 3.797564530870127
11 70 8.70053333244214
11 71 3.124667900935419
11 72 100.8554889141397
11 73 15.88940900535025
11 74 0.4810784748534265
11 76 8.172305098132524
11 77 16.11644366658093
11 80 1.436816369767481
11 82 2.814155513394299
11 84 14.56720498461122
11 85 18.41428601930114
11 86 0.4622249020719711
11 87 1.433830048395329
11 88 68.44681462854724
11 89 0.4777126840875248
11 91 24.66121315020908
11 92 1.87049583161482
11 93 127.5246039912275
11 94 6.544201738700612
11 95 7.60178474744778
11 96 8.222615463764001
11 97 3.279276627970703
11 98 2.776459990295587
11 99 1.871508885262356
11 100 1.924941677391726
11 101 3.696350127155819
11 102 45.19528966021279
11 103 3.079259089747347
11 104 61.80200178918977
11 105 15.51730884486443
11 106 2.310067109932155
11 108 6.078536416689502
11 109 1.903705845929861
11 110 24.97563834919589
11 111 0.4675083313206033
11 112 0.4625142335255885
11 113 42.36452493443819
11 114 22.66366068586276
11 115 15.98260637559775
12 1 103.5965232133329
12 2 1.34931467579919
12 3 7.441201193740118
12 4 3.749166096031908
12 5 0.2742153272837215
12 7 2.334310767579983
12 8 0.9081630592254751
12 9 15.64195690711721
12 10 6.343543517943515
12 11 17.95383010075424
12 12 85.61551047295515
12 13 3.662324541540417
12 14 0.4388883625805926
12 15 0.9286084683242237
12 16 0.4511125592444597
12 18 7.492304285447375
12 19 3.864864981508995
12 20 205.9788107430471
12 21 7.623047640574463
12 22 27.82563650262587
12 23 27.24586770710492
12 24 1.777652908812799
12 26 5.852675803110993
12 27 1.930941899372983
12 28 15.17530840086498
12 29 30.97686545834526
12 30 11.01670640369251
12 31 8.907467778024079
12 32 10.26014648574666
12 33 5.461262115403359
12 34 11.14119937144409
12 36 8.975569514242226
12 38 183.6839596317654
12 39 196.8065228031198
12 41 6.539748602687323
12 42 0.4575805728285512
12 43 2.246712602481973
12 44 18.47055327645643
12 45 0.9008273769625209
12 46 8.559762602748702
12 48 1.785201903047846
12 49 2.785127045596505
12 50 43.55010117050728
12 51 6.691926288096357
12 52 1.108998139922729
12 53 17.70491144846745
12 54 10.33013452153192
12 55 11.06069270239955
12 56 11.84360838193064
12 57 5.842651068707824
12 58 7.000552997221956
12 59 15.3713436777783
12 60 0.4513209460629183
12 61 51.03005649258138
12 62 1.719194970157145
12 63 21.87619131684846
12 64 8.768700051244984
12 65 65.2023672937202
12 66 6.374697644202347
12 67 33.92323476582898
12 68 26.56316273696677
12 69 3.202267910555284
12 70 9.721215783621227
12 71 0.4311318801795497
12 72 13.53460034303776
12 73 3.821836592075249
12 74 7.878017309415236
12 76 46.30643726108852
12 77 8.717172468236642
12 78 7.952082479771313
12 79 5.875483767252872
12 80 4.152716618842808
12 82 0.452190308320858
12 83 0.4689279484533684
12 84 3.272934673151293
12 85 12.92707860932119
12 87 2.302408262303585
12 88 40.16899493538338
12 89 5.063139682556272
12 90 0.4546929660626237
12 91 16.45486619344031
12 92 13.07612769322925
12 93 25.9659764066401
12 94 8.113180980036528
12 95 8.769531874682368
12 96 19.24660681023175
12 97 10.84034768704579
12 98 2.231787452924963
12 99 18.4964953957938
12 101 131.9289927889151
12 102 18.52541189569793
12 103 41.23079495602812
12 104 68.66737002526882
12 105 4.66952076598966
12 107 0.9005120954046764
12 108 23.44448680042263
12 109 8.255092430895019
12 110 46.19766612609209
12 111 22.99082797377405
12 112 1.338455134518969
12 113 7.419266499158857
12 114 178.4039148452597
12 115 1.359536653316419
13 1 5.380079575931308
13 3 2.19961612402575
13 4 0.4711553321649696
13 7 2.816274518894398
13 8 0.9129371835923079
13 9 0.9250326404241711
13 11 0.9501240860593271
13 12 3.662324541540417
13 13 5.522496001976037
13 14 0.4411035521350332
13 15 0.4667491633271545
13 17 0.4501725149617634
13 18 2.353997605723234
13 20 0.9021943765716157
13 22 1.92962951146046
13 23 1.36942644259114
13 24 1.340068058961271
13 26 0.4525298439260841
13 27 0.9708986956287727
13 28 0.4622803648927661
13 30 4.153126404053194
13 31 0.4476502924211255
13 32 4.932225427056138
13 33 2.744959256989106
13 34 1.461332372081819
13 36 1.899899598626565
13 37 0.4608207828482696
13 38 5.430506028638457
13 39 3.235861303220071
13 41 2.817868847508993
13 43 1.355014947135871
13 44 1.358524679626106
13 46 2.868914756643604
13 48 1.345791872631518
13 49 0.4666528298991705
13 50 0.4512832687047203
13 51 1.922535068009913
13 53 1.873703726484587
13 54 2.257296211243567
13 55 1.934267341178044
13 56 1.32260176829778
13 58 6.099797254490732
13 59 0.9660640990201833
13 61 3.042307275492101
13 63 0.4888355599293894
13 64 3.247760875668301
13 65 0.9167524886918833
13 66 0.9863108726921745
13 67 0.431529006139102
13 68 4.856540850998262
13 69 1.839538892893863
13 70 2.220605264409265
13 72 4.388000006511199
13 73 3.362489068748649
13 74 3.727103166809238
13 76 1.396611876951219
13 77 3.408927267275205
13 78 1.332086653876952
13 79 0.9086650927003291
13 80 2.783194945123139
13 82 0.9091511752487826
13 83 2.357393717956528
13 84 1.880348823442291
13 85 3.369951043534743
13 87 0.9258997809647899
13 88 9.246561931955675
13 89 2.776380037766665
13 91 4.866653604031391
13 92 1.359727198764627
13 93 6.170786355999602
13 94 2.265353310546972
13 95 1.959739789912121
13 96 2.522550366639789
13 97 0.4540228536471732
13 99 4.534807973288803
13 100 0.9320791527543622
13 101 3.135979485139921
13 102 3.259253474610466
13 103 2.562856044758529
13 104 3.42814824368236
13 105 5.164136020890412
13 108 0.9064377737026459
13 109 1.383112026562057
13 110 3.317755018239961
13 111 0.4531330313464382
13 112 0.8969311971867716
13 113 0.4661672506826441
13 114 1.372500289476295
13 115 10.93308911483325
14 1 17.30034474461396
14 2 5.637606038632501
14 3 2.957098300375524
14 7 4.045706329294528
14 9 4.875289189671797
14 11 1.818877577653693
14 12 0.4388883625805926
14 13 0.4411035521350332
14 14 41.50552456365192
14 15 0.4471272946914705
14 17 0.4318926582555819
14 18 2.254128637854295
14 21 0.4324014702907706
14 22 4.15314534185216
14 23 0.4376791860311636
14 24 0.4286848451120697
14 26 0.4340619469842567
14 27 4.178031893853819
14 28 3.101180773004743
14 29 0.4328868412978338
14 31 2.147801377979704
14 32 3.872114976196848
14 34 4.657575862777984
14 36 1.818617089863308
14 37 0.4416841608291991
14 38 3.472448434334135
14 39 0.4429971343486344
14 40 0.8184804640289742
14 41 0.8995361233858103
14 45 1.737026498319221
14 46 3.202952113814952
14 48 11.62149034201497
14 49 35.76317462129423
14 50 0.8658265914988973
14 51 0.919669706177052
14 52 0.7173924731119324
14 53 2.243233699776142
14 54 0.8661326080038773
14 55 6.937783760602301
14 57 0.8666855760308178
14 60 0.4351051141618394
14 61 0.8350899159781842
14 62 21.16752959860666
14 63 0.9347205961644913
14 64 2.222784165974871
14 65 1.318210138748839
14 66 0.4712587052684512
14 68 12.53968225613582
14 69 1.322398737239259
14 70 21.74177139161378
14 71 1.248851486902147
14 72 0.8428133229904821
14 73 0.9191682036623219
14 76 0.4459987441411525
14 77 1.8626128378041
14 78 1.704926501614614
14 80 0.4444670909405179
14 83 9.931804767829835
14 84 1.350511792879497
14 85 0.9211170794864419
14 87 10.64651639166966
14 88 15.82202411662937
14 89 11.0855234798368
14 91 7.91107123599467
14 92 0.4347085729729373
14 93 2.726308470064787
14 94 6.518160722683682
14 95 1.87337211988544
14 96 1.213253372019594
14 98 0.8609615012568687
14 99 1.304759250967104
14 100 53.12707698099032
14 101 0.859757220451149
14 102 0.4460650095665462
14 103 2.053149687407563
14 104 6.554236438464773
14 105 0.8992131660163933
14 106 3.86863546378585
14 108 0.4346668432055411
14 109 2.209342542895154
14 110 1.361190395893474
14 111 2.173046808844788
14 112 2.15143747204091
14 113 1.339779104792215
14 114 0.8772397372961815
14 115 0.8736459306220306
15 1 1.489539088078304
15 8 0.4628917347607674
15 9 0.4691096161540487
15 11 0.9641152357975468
15 12 0.9286084683242237
15 13 0.4667491633271545
15 14 0.4471272946914705
15 15 0.9469985076999913
15 18 1.91064589694161
15 22 0.9792800159933933
15 26 0.4588720087430578
15 27 0.492707489460796
15 28 0.4689008316834636
15 30 1.872210464150624
15 31 1.361578333391853
15 32 4.091482023080859
15 33 1.391913616076399
15 34 0.9889637674933394
15 36 0.4819433055217477
15 38 1.376643270899504
15 39 1.875532798258934
15 44 0.4591815344895367
15 46 3.396641734306647
15 50 1.830407379377767
15 51 1.463378163658368
15 53 0.4752023509688255
15 54 0.9155855693693796
15 55 2.454071822505215
15 56 0.4468806303196982
15 58 1.428101263005283
15 59 1.960951241350425
15 60 0.4600379951653837
15 61 0.8809659051121361
15 64 0.4706195138123266
15 65 0.4648514735270543
15 66 1.001397041277836
15 69 0.4664155667160435
15 73 0.4874859985489096
15 74 0.9452939758697224
15 76 0.4722337691038533
15 77 0.4943190872849974
15 79 0.4606938085832212
15 80 0.9411261327731816
15 82 0.4609413183948049
15 84 0.476911939015404
15 85 2.931645592126745
15 88 1.482018804395187
15 89 0.4693458488654317
15 91 2.47004592812522
15 95 0.4973508414339408
15 96 0.4258942913737769
15 99 0.9197435854617978
15 101 1.362618285838206
15 103 0.4327880376531164
15 104 2.983037989095411
15 105 0.9526344522473367
15 108 0.9191626742940496
15 109 0.4676098777647599
15 110 1.442779667440179
15 113 0.4729003421549076
15 114 3.247873818910021
15 115 2.309846428742399
16 1 4.333365054095186
16 5 1.362896007116454
16 9 4.556863152507008
16 10 0.4488643661914481
16 11 0.9357276947387893
16 12 0.4511125592444597
16 16 4.469123966094057
16 18 0.4637317154104127
16 20 2.222964464495384
16 21 0.4442619702826837
16 22 0.4749868379235143
16 23 1.34950843501552
16 25 0.8906301778712001
16 27 1.911691972808313
16 29 0.4447743792841745
16 30 0.4546697596654372
16 32 0.4419797203536519
16 34 2.397804565640901
16 36 3.742351036432698
16 38 1.784080580776377
16 40 2.099367836908208
16 43 2.671027618516792
16 44 0.4463074299221654
16 46 2.354385171613973
16 49 1.379204262013261
16 50 0.4448040290092699
16 51 1.419843924283774
16 52 1.834144398513283
16 53 0.4614275000626578
16 54 3.55971931060807
16 55 13.80756211968266
16 56 0.4346780015776716
16 57 0.4452599443697526
16 61 6.857417736532792
16 63 2.406314658928089
16 66 2.912406279403908
16 68 17.21335973461928
16 69 0.453138383037256
16 70 1.313507365190582
16 71 2.563632835289624
16 72 1.730669376901158
16 73 0.9460353825193872
16 76 0.9172792746020013
16 77 7.671180357780373
16 78 2.626485024818417
16 80 0.457008588902264
16 82 3.583774286908624
16 83 0.46439062086998
16 86 0.8834976165249417
16 88 8.145130422892366
16 90 1.35129911245055
16 91 0.9582646528148133
16 92 0.4466977931719702
16 93 0.4674948535492545
16 94 12.05639198449642
16 96 0.414796827077489
16 97 0.8949433357502221
16 98 0.4422445062067725
16 99 2.681582410215924
16 100 4.59106237941428
16 102 0.9174219851584828
16 103 6.741115583522667
16 104 1.928389254105286
16 106 1.324711519120599
16 107 0.4460929974786855
16 109 0.4542655744573921
16 112 0.4420414641755391
16 113 0.459256731036516
16 114 2.254157002746824
17 1 3.344475761005006
17 3 0.8615358931533382
17 4 0.4606611814207884
17 8 0.4465832521068241
17 13 0.4501725149617634
17 14 0.4318926582555819
17 18 0.4603011086124372
17 20 0.4414396518507566
17 26 0.4428406915244112
17 27 3.319967991929648
17 28 0.4521737232977515
17 30 0.451371470587462
17 31 0.4381668287104352
17 36 0.4642900616949538
17 38 3.099892727091563
17 39 0.9043149330554583
17 40 0.4170841938196689
17 43 0.4420100238830629
17 45 0.4430444013457668
17 46 6.542670348008302
17 48 0.8781035572118844
17 49 5.932734839483752
17 50 1.324928108817695
17 51 3.757648732519429
17 53 1.374106676071966
17 54 1.767240639858947
17 55 0.9450283189277499
17 59 1.887897668318389
17 62 0.4230849474030954
17 63 2.387815843940785
17 64 1.361323011890522
17 65 0.4484070306013502
17 66 3.85315157933139
17 67 1.268086667008458
17 68 1.423506618843691
17 70 2.608675867021988
17 72 1.289004658832494
17 74 0.4556073518027009
17 77 0.9515725562517678
17 78 0.8693993612033961
17 80 0.4536763950646919
17 83 0.4609502925226959
17 84 2.298118524557737
17 85 2.822773253391829
17 88 1.42639263993643
17 89 1.810366882563663
17 91 0.9509463894886842
17 93 1.856056741958725
17 95 1.435763007339312
17 98 0.4391234495790394
17 99 0.4437400330968989
17 100 0.9114994194727153
17 101 1.753967649054671
17 103 0.8370084543587212
17 104 5.262364168919053
17 105 0.4590292228097867
17 107 0.4429175687690364
17 108 0.4434703399651416
17 110 1.853335468271503
17 112 0.43892326269225
17 113 0.9118134179685079
18 1 166.8582759055504
18 2 0.9246377288274512
18 3 3.147163293366204
18 7 2.401995034899316
18 8 0.9337474330468082
18 9 3.312358601706158
18 10 1.863384587996021
18 11 5.349729973012379
18 12 7.492304285447375
18 13 2.353997605723234
18 14 2.254128637854295
18 15 1.91064589694161
18 16 0.4637317154104127
18 17 0.4603011086124372
18 18 6.746364890269835
18 20 15.2211719909442
18 21 1.382660120421195
18 22 27.66720968825074
18 23 4.202051992740239
18 26 1.851106148031699
18 27 0.4971999849294458
18 28 2.364911708001659
18 29 2.76865663948902
18 30 1.416302803432739
18 31 2.288356627555475
18 32 2.29215245236242
18 33 0.935925259631221
18 34 21.95542083358235
18 36 5.835193488904944
18 38 22.67616939778128
18 39 22.22863476385812
18 40 0.8693531405438769
18 41 3.845452295010675
18 42 0.470569453485328
18 44 0.4630808152732979
18 45 0.9259942682631345
18 46 11.75022766767232
18 48 0.4586500956084501
18 49 34.3845661454255
18 50 5.537691844078166
18 51 21.65657836479246
18 52 0.3781416596922934
18 53 9.587961870786085
18 54 5.078127658326949
18 55 7.429077956311522
18 56 5.406926221040632
18 58 7.203435345086135
18 59 22.26121205334416
18 60 1.855834295792494
18 61 3.996437600301001
18 62 2.647392013840525
18 63 17.52910157994833
18 64 8.545188010051312
18 65 0.4688481109938969
18 66 9.09562681085167
18 67 3.085808612315828
18 68 12.43660740287953
18 69 0.4704392566527254
18 70 41.31215604313449
18 71 0.4426434002988033
18 72 11.65879085161171
18 73 12.29765046796564
18 74 1.906979120581814
18 75 1.322592659832215
18 76 2.381881626316907
18 77 3.990993625121526
18 78 5.900499136197167
18 79 0.4646189332526749
18 80 3.797027098818925
18 82 0.9297871588762014
18 83 0.4825788567931998
18 84 12.99076380032705
18 85 27.11642299139387
18 87 0.9473125527610992
18 88 17.44833816477067
18 89 28.87956859602357
18 91 53.84085374336409
18 92 5.562156799143476
18 93 27.69939756786359
18 94 0.9266892524794735
18 95 44.67418597486174
18 96 4.721648975486878
18 98 0.4587081539974897
18 99 6.956360689938232
18 100 3.338174011493307
18 101 10.53462394766631
18 102 3.811643527437808
18 103 2.617510297064828
18 104 83.79202705753364
18 105 5.765967777489807
18 106 0.916006063185929
18 108 2.317326606139065
18 109 9.43336455178915
18 110 16.98230191518072
18 111 3.243851559105949
18 112 0.9170096943448378
18 113 6.678690793884715
18 114 8.891312936003036
18 115 0.4659083131095471
19 1 2.741168825788668
19 3 16.54688350645205
19 7 5.275293368137234
19 8 2.141251366628446
19 9 0.4335758843900409
19 11 2.222900771661295
19 12 3.864864981508995
19 19 4.062660597507943
19 20 2.11758409180475
19 21 1.269631802290127
19 22 0.4510178775964145
19 23 0.8565521765431919
19 24 0.8392778737442417
19 26 0.424816344035656
19 28 0.8667912022944069
19 29 5.507898741485672
19 30 0.8653235388745928
19 31 4.205032070607219
19 32 13.89770270102278
19 33 3.862481765629515
19 34 1.365372954358723
19 38 8.496180152507359
19 39 1.733484276895598
19 40 0.4010582130341128
19 44 43.35737128342161
19 46 2.683789985488987
19 48 1.263980702152349
19 49 1.748953634836511
19 50 3.389626114641195
19 53 9.653009018549435
19 55 0.4520311694607069
19 56 0.4145192265408624
19 58 0.8789453483614355
19 60 5.109607096122699
19 61 1.635936573884256
19 64 1.304573395120623
19 65 12.0380157716191
19 67 0.4062568315644641
19 68 0.4538554377544557
19 69 1.725092099407867
19 70 2.504301647816582
19 72 8.253484561723541
19 73 0.4492266138710067
19 76 0.8724791826287794
19 79 0.4263772338057279
19 83 0.4414535947904809
19 84 0.8804609852545182
19 85 1.800639119991401
19 87 0.8679038565155058
19 88 1.364212720115967
19 91 0.4547382260675592
19 93 2.665546677959863
19 94 0.8505630232096951
19 95 0.457590180514752
19 96 1.585589023404947
19 97 0.4261317841595958
19 98 1.264139592569103
19 101 5.891251958653391
19 102 2.617820651297665
19 103 2.414100431850662
19 104 0.4574167217320324
19 108 3.403061613758028
19 109 2.161445709889476
19 110 2.218182279135196
19 112 4.212002202920764
19 113 0.8736188197178232
19 114 4.291756532707278
20 1 48.83729353185434
20 3 7.768401110794702
20 4 0.9232585354962726
20 5 0.2717930519772818
20 6 1.312924575981506
20 7 3.679041921272023
20 9 25.83676604027387
20 10 6.251454568195673
20 11 7.910468743040735
20 12 205.9788107430471
20 13 0.9021943765716157
20 16 2.222964464495384
20 17 0.4414396518507566
20 18 15.2211719909442
20 19 2.11758409180475
20 20 2553.850584095077
20 21 0.8839552552224286
20 22 116.2066422728842
20 23 134.2473011752085
20 24 0.4380889321972303
20 26 63.00657833108993
20 27 0.4752646261954033
20 28 10.87401692482926
20 29 104.867927431682
20 30 10.85471100762082
20 31 7.024176535694397
20 32 13.19148606731263
20 33 7.623954860807283
20 34 21.9369318623411
20 36 7.909332913632258
20 38 193.0140751841626
20 39 1370.940426720179
20 40 0.4178518197583146
20 41 4.141263550990057
20 43 15.05767622570752
20 45 3.551258168106128
20 46 18.2637986834928
20 48 3.519288779684477
20 49 2.743714645920352
20 50 209.7497723650798
20 51 9.413647905730611
20 52 8.036089571916351
20 53 10.55625374650087
20 54 11.95210229637475
20 55 5.208463723701679
20 56 32.00368042153646
20 57 14.61771153308292
20 58 3.218095533541736
20 59 16.55383467467824
20 61 23.02887114439052
20 62 1.695507480945988
20 63 1.914268926246558
20 64 14.5499884296907
20 65 3.59437339741043
20 66 0.9653495305165983
20 67 217.2522239086204
20 68 5.706003417146493
20 69 1.352268647940072
20 70 42.25461079686071
20 72 43.47947616412915
20 73 6.585819894702962
20 74 4.565353761952852
20 76 21.89733040971369
20 77 3.337445769779989
20 78 23.95383389968702
20 79 43.20500575964977
20 80 1.363754536901461
20 82 0.8913128988063344
20 83 0.9238107848167987
20 84 5.0661693441043
20 85 16.02899617994363
20 86 3.516025018291965
20 87 0.9074046085496327
20 88 3.811743649073431
20 89 2.721005401800569
20 90 2.240386941729835
20 91 12.38818710088076
20 92 107.0965159196655
20 93 7.904505833727246
20 94 3.553749055909962
20 95 7.673633773550141
20 96 40.04055171605913
20 97 91.25426315073798
20 98 3.959760337715279
20 99 16.89522935661603
20 100 0.9133386028413559
20 101 547.8552711856153
20 102 11.86285512615889
20 103 29.76785625565968
20 104 37.39392487030859
20 105 7.359487807212798
20 106 2.635870900417049
20 107 1.331298643279375
20 108 12.44159657269084
20 109 27.56439876823017
20 110 10.21435023993736
20 111 36.876021440253
20 112 0.8795648534772713
20 113 4.11137770794686
20 114 69.96198022296481
20 115 0.4465941018822682
21 7 2.757144831308123
21 8 35.32313754842897
21 9 0.4529260810011045
21 11 0.9299162479999472
21 12 7.623047640574463
21 14 0.4324014702907706
21 16 0.4442619702826837
21 18 1.382660120421195
21 19 1.269631802290127
21 20 0.8839552552224286
21 21 151.9242727105211
21 22 1.416021550505193
21 23 3.577202918254559
21 24 0.4377667129105703
21 25 1.770763443725847
21 28 0.9054849789052225
21 29 1.768622369092373
21 32 8.787699382357143
21 34 0.9530112843279334
21 38 2.660256260273338
21 39 1.358114595324529
21 40 0.8350310537337983
21 41 0.459772790712177
21 43 3.540311850155104
21 46 5.147255914018796
21 48 2.637491531565175
21 50 1.326527373839946
21 51 2.351544175064821
21 53 1.834444312908793
21 56 2.160799719992499
21 57 8.852597836601216
21 59 1.890341233117158
21 60 0.8889285606769628
21 61 4.687657334472079
21 62 7.20055889277956
21 64 0.4543333923446655
21 65 0.4489554820906323
21 66 1.929076675526524
21 67 5.924722026026966
21 68 0.4751030248399576
21 69 0.9008530802598264
21 70 0.8706029293381602
21 71 1.274542793674911
21 72 1.720742301013834
21 73 3.290305332740052
21 76 0.4558376566522612
21 77 1.905569981341738
21 83 0.4615298490462367
21 84 0.4601950294308448
21 85 7.537086896851542
21 88 0.4760671436138765
21 89 0.4531462641693073
21 91 0.9521705772868168
21 92 6.660777874597117
21 93 0.4645958112322787
21 96 11.13753690319419
21 97 0.4448087246307127
21 98 3.517157905631839
21 99 0.4442771310891825
21 100 0.9126240722621621
21 101 9.658242692789576
21 103 0.4189771640471538
21 104 1.437070256200953
21 106 3.072907919747837
21 108 5.772101704265112
21 110 0.4639137632144329
21 112 0.4394487679325911
21 114 6.722028500568509
22 1 4605.592798590854
22 3 5.982213566198392
22 4 5.933748945532359
22 7 3.447412613965723
22 8 0.956568609304182
22 9 3.879428805032286
22 10 1.908824739575644
22 11 17.95443824808808
22 12 27.82563650262587
22 13 1.92962951146046
22 14 4.15314534185216
22 15 0.9792800159933933
22 16 0.4749868379235143
22 18 27.66720968825074
22 19 0.4510178775964145
22 20 116.2066422728842
22 21 1.416021550505193
22 22 216.9347450363466
22 23 10.04445893409225
22 24 2.80544041450996
22 26 21.32947797708807
22 27 6.122405511457957
22 28 5.331744020874759
22 29 18.90347376358761
22 30 1.935096445079821
22 31 11.7158915077866
22 32 21.5939643927949
22 33 1.917670723208196
22 34 352.2892868386967
22 35 0.4789063208587893
22 36 27.42618587679595
22 38 135.0872991272127
22 39 187.0819558582227
22 40 0.4445876059980139
22 41 42.37955537204033
22 42 0.4821631267723227
22 43 1.892128860563585
22 45 0.4742070153872087
22 46 69.29793881344122
22 48 0.4696568755470781
22 49 47.48277549447425
22 50 36.86439096897006
22 51 163.0822363347014
22 52 2.698919100430153
22 53 57.99007848829172
22 54 17.02096011685855
22 55 52.33826713661088
22 56 14.75844133412595
22 57 0.9462781609568455
22 58 1.969237281897111
22 59 108.1033310940337
22 61 29.53331539743671
22 62 9.479737354392974
22 63 387.0328984943847
22 64 16.05581913052045
22 65 3.362608678879081
22 66 30.60421873016556
22 67 6.313891611335252
22 68 111.2771348518598
22 69 0.9641106211398537
22 70 93.88225706001133
22 71 0.9057133186928824
22 72 31.20764171716138
22 73 30.27571576939195
22 74 4.886523150417125
22 75 1.353086674583714
22 76 9.765358197309929
22 77 15.35763548444775
22 78 27.87967105901999
22 79 20.46510930542334
22 80 2.918570545984872
22 82 2.857210233972861
22 83 2.968847187673814
22 84 66.0983571661406
22 85 76.87672122292102
22 87 0.970810355180281
22 88 154.4905132678352
22 89 75.20272998888726
22 90 1.436948266414081
22 91 310.0064274326492
22 92 5.222374484385775
22 93 175.4129139368349
22 94 2.847448714714712
22 95 435.3233201213801
22 96 24.5769255296502
22 97 6.658743738795607
22 99 30.40133394096702
22 100 3.421577603782548
22 101 44.08655838625943
22 102 28.81238213428349
22 103 29.4492846051999
22 104 2083.511047812376
22 105 40.8851446590789
22 106 5.158732188581802
22 107 1.422175434261367
22 108 2.373567857304739
22 109 8.216463766132289
22 110 132.8445906661731
22 111 20.8846324089414
22 112 13.61552354640914
22 113 59.65541767032058
22 114 11.98579540054383
22 115 3.340995090301719
23 1 9.212759373874754
23 3 15.7145571292955
23 4 3.270866279945333
