%%MatrixMarket matrix coordinate real general
%
123 123 10580
1 1 116972.9275428608
1 3 1.991696450925527
1 6 0.4691262310592753
1 7 48.13474808743739
1 8 8.805529938218703
1 10 0.4750986304998615
1 11 143.6517172525672
1 12 286.559333868261
1 14 10.13228535606418
1 15 23.34961582690712
1 16 159.7576598320974
1 17 1427.301013675685
1 18 1118.286880935284
1 20 751.1469592862987
1 21 34.16993577383126
1 23 2.431645630013491
1 25 75.03527994340732
1 26 1.885550886599429
1 27 2387.858164274279
1 28 116.3147730579334
1 29 5.995175961060251
1 30 2987.81754926295
1 31 92.78526707049215
1 32 18.32660435945706
1 33 7.636834954673541
1 34 206.3317811234273
1 35 5.862479365618022
1 36 308.4115951517862
1 37 2.438328204854838
1 38 1518.410759180681
1 39 6.425288732463547
1 40 91.54107557670281
1 41 12.81393055778443
1 42 0.9455421938519817
1 43 9.696860162204889
1 45 19543.70726615122
1 46 1.452509776551168
1 47 20.37548704025861
1 48 76.1859688143405
1 49 91.15942166414297
1 50 1.081081616735892
1 51 2.416875354731158
1 52 124.6971902002487
1 53 0.5028201776904913
1 54 320.394058401139
1 55 520.0957598466434
1 56 0.9511324577845014
1 57 6.716404510200753
1 58 7.384321719433213
1 59 876.0183064347669
1 60 8.748404625155409
1 62 0.9558942682576681
1 63 25.51199775185573
1 64 3.980626609843834
1 65 2.378454255358
1 66 12.46727644373369
1 67 15.85700408058099
1 68 398.6949457166656
1 69 8.556452244201479
1 70 47.34734688837576
1 71 15.91683533719487
1 72 725.1447708176029
1 73 9.077879741405193
1 74 3.91947453850227
1 75 10692.8911382671
1 76 0.5155334510887728
1 77 23.18780442470159
1 78 5.207760296713381
1 79 295.4227386095865
1 80 64.47483383640042
1 81 2.339167216388803
1 82 64.14838195754648
1 83 185.728846555085
1 84 94.52776129424936
1 85 1.453981424194855
1 86 22.92994631711282
1 87 372.357844061983
1 88 436.3453009048119
1 89 15.24879253355783
1 90 305.6076549668919
1 91 6.40681744858872
1 92 100.7289077183168
1 93 2.433622482157127
1 94 16.67650066939147
1 95 36.11953914847814
1 96 13.87277626575516
1 97 4.889834809958712
1 98 57.32044416144878
1 99 483.6061315377144
1 100 1118.088867817834
1 101 4.30457515389812
1 102 2.804182331962936
1 103 0.4847454071754103
1 104 144.3152146381692
1 105 442.743421545888
1 106 676.5368095704073
1 107 2.891596056839255
1 108 37.13152024038275
1 110 4.462754319444813
1 111 86.535614961634
1 112 1.447370149117847
1 113 0.4626687713427292
1 114 40.92670605763944
1 115 5.313635542111979
1 116 17.77604113662533
1 117 58.35094879656619
1 118 42945.13519334361
1 119 37.33431095616452
1 120 26.51249011123979
1 121 36.39364261466768
1 122 81.71186734412386
1 123 1.935820685866244
2 9 4.041313119248399
2 11 2.059531128324921
2 20 0.4750047413512013
2 23 4.038608294871236
2 28 5.920681544280679
2 33 1.323113608485356
2 34 1.29621981146195
2 35 0.4184575815020471
2 38 0.4757709216461274
2 40 3.084098569044028
2 45 2.881566745474431
2 48 1.40111950212706
2 49 0.9461078196204823
2 50 0.3392388043578735
2 54 0.475947627085541
2 55 1.334047314057921
2 57 0.8862177262103649
2 59 0.4637862342214249
2 65 0.4396707741141712
2 69 3.515021662586186
2 70 0.4727543021798918
2 71 5.955855622910554
2 72 0.4627997910086561
2 77 0.8750765135564963
2 84 0.916469797723237
2 87 2.184812698938561
2 88 2.857623601453908
2 90 4.052874274914246
2 92 0.4766086219876857
2 95 0.4559436945338703
2 97 4.509909865088219
2 98 0.4413713248336734
2 101 0.8837433196593988
2 105 1.321276626747518
2 108 0.9353343209590673
2 111 0.4705563429346795
2 114 18.03320860768422
2 116 0.4550881267971623
2 120 0.9210816397398767
3 1 1.991696450925527
3 3 4.746912157531376
3 6 5.381364620807698
3 7 1.803934151250414
3 8 3.267278684125473
3 10 5.446719799191226
3 11 0.4248923473544989
3 12 1.965552371216899
3 15 0.4642859409555875
3 16 0.9574597411843038
3 18 1.939020503442999
3 20 2.953725989378921
3 21 0.8949419210214777
3 25 2.296418229874736
3 27 1.980529259870133
3 30 1.490490918309064
3 36 1.438222123989898
3 37 0.9306838003532256
3 38 0.986202925969087
3 39 0.4713903779068866
3 43 5.553435974625302
3 45 0.4979882530085735
3 46 0.4621682939705646
3 47 0.9476106531860841
3 49 3.921680177355477
3 52 0.8361193245881962
3 53 0.4791553248644048
3 54 0.4933342665717394
3 55 2.299035821298264
3 56 1.817292345348807
3 59 2.40124050486478
3 64 0.4238670207851467
3 65 1.363324508932952
3 66 0.4579582050262318
3 68 0.9501652646727679
3 70 1.46958203891076
3 71 5.69059345944946
3 72 1.437557524125423
3 73 0.5074045014519778
3 74 2.804566537995639
3 79 0.4772617637920981
3 80 1.312820175942552
3 82 1.333614409753736
3 83 2.481320725802689
3 87 3.1609172798726
3 88 2.961995983050061
3 90 3.726711336034983
3 91 6.580899485487825
3 92 0.9880003966941485
3 93 2.787022030697685
3 94 0.4679593199403935
3 95 3.774733567702402
3 96 3.423770430913676
3 97 2.799349560770851
3 98 0.4562802593015635
3 99 2.959246044711995
3 100 0.9556474134131603
3 103 0.9253344589660423
3 104 0.8741003116869576
3 107 1.380416056849403
3 108 3.391041313517224
3 109 0.8186780310286146
3 110 0.4728603181832388
3 111 2.925051886803717
3 115 1.383486738749542
3 116 0.47095640661867
3 117 2.69861220858988
3 118 4.986337795559026
3 121 0.989244641897583
4 4 65.80597215554336
4 5 10.14763201113684
4 8 6.595110876560662
4 11 5.229862446007154
4 16 0.9005962603653465
4 20 1.386749720531219
4 25 0.8660678510086697
4 29 1.667554104208842
4 32 2.901041732585168
4 34 2.107512922356119
4 35 1.634112767125224
4 36 0.4508797059766453
4 39 0.4437519803600162
4 40 0.8592217743465664
4 41 8.252097585885819
4 45 0.9345214042986674
4 46 0.4355722190767689
4 52 1.1887047869401
4 55 1.733978273232407
4 56 0.4286307607034557
4 58 0.4421625622948065
4 59 0.4516186869917554
4 62 0.8611228137059401
4 63 5.965271646714159
4 65 1.286186916625198
4 67 8.798010099735105
4 69 0.4284646220572495
4 72 1.352053338236207
4 73 1.902131932293782
4 77 0.4267254704527369
4 78 0.4268968678276389
4 79 0.4489503633034378
4 80 3.723397634062397
4 81 7.179760765411127
4 83 0.465750675959428
4 84 0.892763722625733
4 85 0.4360083530096494
4 87 4.26162399680475
4 89 0.8588113801430145
4 101 0.4308373714950788
4 102 1.265870310238357
4 106 2.730202534687353
4 107 0.8675950844336718
4 109 2.718339441528831
4 110 0.4450540888753811
4 113 40.55875782427783
4 114 0.4288971675615111
4 115 1.304116803251205
4 122 5.480733789771129
4 123 3.483409891975998
5 4 10.14763201113684
5 11 0.8063675921441389
5 18 1.370254756118687
5 27 0.9319427505236055
5 32 0.4154055458947792
5 35 4.094619067729272
5 36 1.356017287460901
5 38 0.4641637203298462
5 40 0.8612736620559422
5 42 0.4273681392934444
5 45 0.9369490019090053
5 50 0.3333014053759633
5 52 1.191311282098424
5 63 2.562594402112107
5 66 0.4328657060954845
5 73 0.4767731388076477
5 76 0.4619846656743861
5 79 1.350199341387347
5 80 6.219785731325753
5 87 0.4271772153342115
5 89 0.8608613072413096
5 90 0.4399260031998609
5 93 0.4387346956447004
5 95 0.4452741915590944
5 98 0.431366358399326
5 100 0.4506086535041648
5 103 1.311336692843008
5 104 0.4141951122532544
5 106 0.4561784365064566
5 111 0.4591994512245134
5 113 0.8382195816006006
5 114 0.4299175350241635
5 115 3.050242085506675
5 117 2.553401207643911
5 118 0.4690502404670911
5 122 0.8451596266895159
6 1 0.4691262310592753
6 3 5.381364620807698
6 6 0.8499102258547021
6 7 1.708930813583817
6 8 4.854924882579237
6 9 0.4393045650229743
6 10 3.008879852441116
6 11 1.61479226474162
6 12 1.85329626599098
6 15 1.317381486472045
6 16 0.9041225638000689
6 19 0.4072884092099522
6 20 0.4641249808092505
6 21 0.4241112280461732
6 25 6.520042206265341
6 30 0.9363341063558315
6 34 2.115278688755867
6 35 0.409993877400097
6 36 2.263287103993481
6 38 0.9297110958339955
6 39 0.4454805829301436
6 40 0.8624311431930628
6 42 0.4279550139056947
6 43 7.880541061658414
6 47 2.68602597923215
6 48 1.369594884697137
6 49 1.386822025185284
6 50 0.3336579962394838
6 52 5.168806360855321
6 53 0.4524080989815171
6 55 1.740548338192587
6 57 0.4336596736186697
6 59 4.987435850135686
6 60 1.316337469237659
6 62 0.864346397961676
6 65 1.721329131448523
6 66 0.4334678505247119
6 67 0.8026379363344965
6 68 0.8976150802222601
6 69 0.4300756763306828
6 70 0.4619762724092314
6 72 0.4524665901724531
6 73 4.297503351108739
6 74 2.651765944213472
6 75 0.4688614637602077
6 76 2.313323988624418
6 77 0.8566034806292707
6 78 1.28548019230952
6 79 1.802858473562966
6 80 6.643190263166071
6 82 2.107187488977354
6 83 1.402953021317648
6 86 1.727920781684328
6 87 1.283272720513805
6 90 7.048597438625666
6 92 0.4656559830933784
6 93 1.757371612886851
6 94 0.8848004146719977
6 95 2.229516130224457
6 96 1.383877859677951
6 97 0.8823554675639023
6 98 0.4319643417674653
6 99 5.579254234863694
6 100 1.805025889605333
6 102 0.8470063089466819
6 104 2.073637213703244
6 105 1.293206768966368
6 106 2.741053238579064
6 108 1.371395911662993
6 110 0.4467928899030344
6 111 1.379614602940219
6 114 0.8609806011861675
6 115 1.309078432847646
6 116 0.4450931445214963
6 117 0.4261543086206605
6 118 1.879048709424706
6 121 0.4662084268058673
6 122 3.808356379875762
7 1 48.13474808743739
7 3 1.803934151250414
7 6 1.708930813583817
7 7 379.720651106835
7 8 3.106751163021555
7 10 0.4321987727445935
7 11 30.8387304639567
7 12 6.524480023638652
7 13 0.4427438968509154
7 14 0.8067466415747195
7 15 7.506549713699806
7 16 7.274385420195171
7 17 8.337908783469985
7 18 8.741269835940708
7 20 29.87828062468347
7 21 3.837376702727205
7 23 1.324393009345362
7 25 8.7412001507687
7 27 10.32685063511465
7 28 2.498630991804696
7 29 1.261905579967242
7 30 12.7153393217151
7 31 1.342192568274087
7 32 1.672472362424205
7 33 0.8679960711856125
7 34 0.4253480467466261
7 35 1.236386921669915
7 36 13.20230723405014
7 37 59.74593200900782
7 38 6.078631751916837
7 39 6.271723381110828
7 40 11.27300032891134
7 41 0.4629869110423572
7 42 3.442094599911811
7 43 6.603428550488661
7 45 4.247455573961296
7 47 3.601670696844904
7 48 1.377505975079927
7 49 5.114777741804764
7 51 0.4390440747606354
7 52 4.795180467019747
7 55 6.125449027654725
7 56 36.76871879772956
7 57 0.8720217859929394
7 58 8.034585359402737
7 59 5.472067907924398
7 60 9.26536822281566
7 61 15.68426603346471
7 62 16.51264557610778
7 63 0.8599531612315149
7 64 0.8097216917547847
7 65 3.028720778791108
7 66 4.358329249822596
7 67 2.823389487512536
7 68 12.18668808151802
7 69 5.188863162146395
7 70 0.4646931327932028
7 71 14.86868201253903
7 73 21.13705781404429
7 74 7.999822120066024
7 75 2.829844839977597
7 76 2.326879607446465
7 79 18.1313134124806
7 80 15.44327628345938
7 82 73.29737804123486
7 83 8.938003053180367
7 84 2.253297644938703
7 85 1.760354686915252
7 86 9.555531968799949
7 87 12.90199001754071
7 88 1.872353439289742
7 89 23.40187716255223
7 90 44.74249768064768
7 91 190.7899363381084
7 92 3.278786761420679
7 93 2.208940763664192
7 94 26.69292595422972
7 95 292.3700368457255
7 96 4.175859366097842
7 97 20.85140682098463
7 98 0.4343380307945685
7 99 26.65745846049473
7 100 1.815315753010035
7 101 1.304497173685269
7 102 11.49600843096452
7 103 1.320442543268419
7 104 12.92406499858384
7 105 0.4334386383329756
7 106 6.43274105766583
7 107 0.8756519217102871
7 108 7.356459831022251
7 110 0.449333244357483
7 111 4.625462055701168
7 112 3.944454478676635
7 113 0.4218906826064996
7 114 7.791246975651354
7 115 30.71339028340432
7 116 11.18981551438639
7 117 5.141297489847038
7 118 8.978436770789976
7 121 15.00657643908939
7 122 10.63533789793361
8 1 8.805529938218703
8 3 3.267278684125473
8 4 6.595110876560662
8 6 4.854924882579237
8 7 3.106751163021555
8 8 1.836286734384777
8 10 2.679808895391555
8 11 2.929380063036743
8 12 0.9657731615547873
8 13 0.4579212375911793
8 15 0.9133050035642221
8 16 3.294733404045418
8 18 2.38241587867644
8 19 2.111775027330865
8 20 14.02905584807593
8 21 0.4404570300490022
8 22 1.8237232837831
8 23 0.4565701479464661
8 25 6.777761091402448
8 26 0.4433774649572537
8 27 1.946031784927471
8 30 4.393345971627919
8 32 0.4316707926191237
8 35 0.4252482938158456
8 36 2.356597170745343
8 38 0.4845726307299107
8 39 1.854115197851109
8 40 0.4481476710730509
8 42 1.333772633621694
8 43 2.276203509339966
8 45 1.467680896606282
8 47 2.329574337410785
8 48 0.4755392809816311
8 49 1.445253381840496
8 50 0.6875441743668964
8 51 0.4539642332847919
8 52 5.355019559540657
8 55 3.618867339207108
8 56 0.4470750912764088
8 58 0.9235783322242288
8 59 16.0523517107263
8 60 1.368867297874958
8 63 0.8885732590929499
8 65 0.4471749027943244
8 67 0.4158921760052284
8 68 5.605781866246982
8 70 0.9628331481066968
8 71 0.4663187939339257
8 73 5.97975588967421
8 74 1.838915479478352
8 75 2.444545829567081
8 79 2.815263046805617
8 80 12.92551191453289
8 82 8.31379753935548
8 83 9.264370117635799
8 84 0.4664174153436443
8 86 2.24473979789633
8 87 7.554451133723893
8 88 0.9701802140862077
8 90 1.374594355292059
8 91 0.4623018685574233
8 92 1.456257068094558
8 93 3.198322066231278
8 94 2.30107594601008
8 95 2.320006565252634
8 96 0.4807090040481111
8 98 0.4489342703488781
8 99 11.63153988028366
8 100 1.409394556346892
8 102 0.4398086716227465
8 104 5.594438745849601
8 106 4.758575075468714
8 107 0.4526862172098383
8 108 0.9523328672981451
8 109 1.613616384051153
8 111 0.9582838150699023
8 114 3.57875882276077
8 115 2.268343352948902
8 116 1.852452008931565
8 117 3.983775158133137
8 118 3.429212478373353
8 120 0.9375617698228649
8 121 1.944113644375649
8 122 2.197060940518559
9 2 4.041313119248399
9 6 0.4393045650229743
9 12 0.480437318038081
9 13 0.4557008652119004
9 15 0.4544733297955817
9 16 0.468347061016461
9 17 0.9549038813634763
9 18 0.9482105999956365
9 27 3.388134797367195
9 29 2.161614655010546
9 30 0.9713222186857587
9 32 2.14841319322815
9 34 0.8745593993602039
9 36 0.4689854625701256
9 37 0.9110603773380275
9 42 0.8850150821719482
9 43 0.4530682747256164
9 52 0.8202458016483244
9 54 1.446793222881057
9 59 0.4697851387060103
9 60 0.4541027521073197
9 61 1.792946558486209
9 63 0.884443486242121
9 68 0.4648575297174426
9 70 0.9579863110712141
9 72 5.156511714445641
9 75 0.4863957256282156
9 77 0.4429055248952213
9 78 0.8861717185657352
9 79 0.4668981947696724
9 80 0.4289081010196552
9 84 0.9282341432305539
9 88 0.4826176714033822
9 89 1.337401096215846
9 91 0.9200787815661493
9 93 0.4547108457291024
9 94 0.4579922094406143
9 97 2.28338439933681
9 98 3.127563500380319
9 99 0.9643829347442147
9 100 0.4674793176982994
9 102 2.626594165558584
9 103 0.4529692880752048
9 104 0.8567674520387973
9 105 1.337542328032226
9 109 0.803454057460632
9 110 0.4626851946844411
9 120 0.9329653704232723
10 1 0.4750986304998615
10 3 5.446719799191226
10 6 3.008879852441116
10 7 0.4321987727445935
10 8 2.679808895391555
10 10 4.348390079015159
10 11 2.448712212348049
10 12 0.4691474190731222
10 15 3.554743782323734
10 17 0.4662909621871184
10 18 0.4631001000724581
10 20 3.28972060066938
10 21 0.4289850286507347
10 25 7.036586289301266
10 27 1.41763806810833
10 28 0.8377879221428776
10 30 1.896425067667039
10 34 1.283729293317915
10 36 2.749252384294715
10 37 2.672141132073369
10 38 0.4707197463103556
10 40 0.4362763431277349
10 41 0.9320487703339497
10 43 2.657991583627378
10 48 1.386536779990212
10 49 1.872268631206639
10 51 0.8835462340641903
10 52 0.4019011397966544
10 55 5.283206439265316
10 58 1.796803458319264
10 59 2.294849748908025
10 60 3.551901355456866
10 62 0.4372480286861897
10 64 0.4072010140025363
10 65 1.30605539563253
10 66 0.4385606778777313
10 67 0.4056509842624302
10 68 2.271321860859966
10 69 0.4350885448611974
10 70 0.4677666922488834
10 71 1.813840167098467
10 72 0.9160038034033816
10 74 4.91973023206396
10 75 0.4748270724088262
10 76 1.873867489127718
10 77 0.4332952205404535
10 78 0.8668893261192473
10 79 2.737293277925038
10 80 3.358952430518848
10 82 3.409971024491843
10 83 4.735815939037456
10 86 3.9333399997078
10 87 4.759719620181079
10 90 4.012159252841703
10 91 1.349003245176357
10 93 4.00117017938501
10 94 4.02936537447399
10 95 4.512884750198307
10 96 0.4670732500875049
10 98 0.8739877832736548
10 99 7.53280324717097
10 100 3.654155212978679
10 102 0.8567106845870813
10 103 2.21452022202824
10 104 2.516291381827606
10 105 0.4361111447414237
10 106 1.387493213377669
10 107 1.762270015249397
10 108 3.23956406669077
10 109 0.3938084057820079
10 110 0.4522061673441742
10 115 0.8829978369333288
10 116 0.900885363477681
10 118 0.4757462246072255
10 120 0.4558314108414033
10 121 2.360457883656109
10 122 0.4280141930547249
10 123 0.4422587209303207
11 1 143.6517172525672
11 2 2.059531128324921
11 3 0.4248923473544989
11 4 5.229862446007154
11 5 0.8063675921441389
11 6 1.61479226474162
11 7 30.8387304639567
11 8 2.929380063036743
11 10 2.448712212348049
11 11 665.9361850510621
11 12 2.190903166587963
11 14 47.79436347688347
11 15 19.57447617845213
11 16 15.83982984545043
11 17 10.8922277681466
11 18 13.41992560689891
11 20 5.70567010906008
11 21 20.95268880235639
11 23 0.4164132013407519
11 24 0.4133798918884303
11 25 7.012066094067233
11 26 17.43151536158154
11 27 5.735006338532968
11 28 19.70270692891823
11 29 0.7955607962329305
11 30 14.16034527964039
11 31 1.686598052057367
11 32 25.71196107975326
11 33 6.965804649042426
11 34 62.30955514748349
11 35 0.3902068772782448
11 36 5.143624542860769
11 38 4.395483842132917
11 39 5.488403875100296
11 40 252.1693259678504
11 41 0.8709033656050341
11 42 12.59866921257952
11 43 3.322387398626681
11 44 0.4132110058922413
11 45 24.83021065876009
11 46 1.65917856152419
11 47 11.02806547170784
11 48 1.2963289480073
11 49 1.748953896916532
11 50 0.6409581089690161
11 52 17.05246704707347
11 54 1.319118567301133
11 55 101.9847868112272
11 56 4.084658011375918
11 57 16.87353902810896
11 58 2.103723309031239
11 59 24.47011662648699
11 60 1.664600641522849
11 62 0.4102530735717971
11 63 93.41818834186871
11 64 1.151080162732576
11 65 1.225712974234017
11 66 9.461722001807013
11 67 1.14695932156522
11 68 1.700682661225409
11 69 28.1739331305506
11 71 1.697862456193127
11 72 4.712986895718761
11 73 5.410159698040801
11 74 2.095144431743437
11 75 13.73712619470314
11 76 7.876759061125329
11 77 32.13239253053208
11 78 13.42758470647463
11 79 10.24542292881138
11 80 23.69382396127419
11 81 0.4027693346092209
11 82 233.9132272900573
11 83 0.8840833282302796
11 84 2.122798976216023
11 85 1.660631587754539
11 86 5.740627378925184
11 87 617.4756676706044
11 88 3.51996063392104
11 89 82.24506749709039
11 90 190.0768305950404
11 91 10.10761285027766
11 92 2.6415899376668
11 93 2.500057512348563
11 94 5.871944390449563
11 95 16.4804530119626
11 96 0.4363940008515987
11 97 0.8366186568342802
11 98 1.230097762580342
11 99 4.396253505570714
11 100 17.09506506668627
11 101 9.851560653835673
11 103 2.076069360514569
11 104 41.81360246907867
11 105 21.27940008961426
11 106 6.053298828265555
11 107 0.4131809465938193
11 108 0.4326683706712743
11 109 0.3717811169562104
11 111 1.305301841214415
11 113 0.7978252630636532
11 114 250.5405300623612
11 115 11.59152262830089
11 116 13.49878981416183
11 117 17.0008693798676
11 118 73.24884136987509
11 119 3.696698360622502
11 120 1.279634347210436
11 121 2.644551765545324
11 122 2.814519763821451
11 123 0.4146602357661303
12 1 286.559333868261
12 3 1.965552371216899
12 6 1.85329626599098
12 7 6.524480023638652
12 8 0.9657731615547873
12 9 0.480437318038081
12 10 0.4691474190731222
12 11 2.190903166587963
12 12 172.1433634164786
12 14 0.8707999858477896
12 15 5.282351660696983
12 16 70.88967413285675
12 17 10.62476510851956
12 18 118.0122244964105
12 19 1.3272613981752
12 20 194.9229085360778
12 21 0.9245878796321843
12 25 10.92259844279379
12 27 104.2044669056929
12 28 1.802567026917242
12 29 1.36666358536428
12 30 116.4258819253
12 31 0.9742354476194385
12 32 1.357889342966715
12 33 0.471304085010597
12 34 1.844255078373012
12 35 0.4455902695831448
12 36 47.16257659724565
12 38 101.2081086238692
12 39 3.902529841983902
12 40 2.353916550936751
12 41 1.516880400755827
12 42 0.4668922012571394
12 43 4.30775384410757
12 44 2.379242557869738
12 45 114.1152977994009
12 46 0.9559681167377245
12 47 0.4904735142358996
12 48 8.01782543484315
12 49 132.5981049610005
12 51 5.726534332278524
12 52 4.740807774380171
12 54 8.693070892176172
12 55 11.41091515429475
12 56 1.408798451231803
12 57 0.94733705134141
12 58 8.746117452430598
12 59 147.2138445768998
12 60 4.797966916116023
12 62 0.9438420629905857
12 63 0.4665749079611449
12 64 0.8742664465608064
12 65 1.409147221982869
12 67 0.8707457844093031
12 68 70.33072193619402
12 69 0.4694182957314792
12 70 3.553733096333821
12 71 12.76289884607258
12 72 2.481050584814612
12 73 2.106021974387703
12 74 3.385286574788409
12 75 43.86032556781227
12 76 1.017030164677343
12 77 0.9346178955193003
12 78 4.675212814178275
12 79 43.97581563794369
12 80 6.324496813643752
12 82 10.56030629932071
12 83 177.5167533043704
12 84 2.454955108795613
12 86 0.4717084814618192
12 87 13.99936176143951
12 88 143.290201615781
12 89 6.116958782554981
12 90 19.27624127220413
12 91 6.810051204487778
12 92 96.79073317958844
12 93 3.363377609852885
12 94 4.35726024244508
12 95 10.74339473064342
12 96 35.47960468717149
12 97 8.688177653181876
12 98 1.886619113463834
12 99 223.4195158196006
12 100 6.926658966641492
12 101 0.4722682983166323
12 104 8.572593822236952
12 105 4.235290425806997
12 106 83.74802054894614
12 107 2.379049584821244
12 108 46.16884508731642
12 110 4.8938443928996
12 111 70.71941171337311
12 114 0.4699377250512077
12 115 9.538087914720483
12 116 8.285009851818259
12 117 8.365147501049906
12 118 225.9673789271384
12 119 2.363016869917794
12 120 3.949125389814134
12 121 38.45905958366374
12 122 23.05860948457051
13 7 0.4427438968509154
13 8 0.4579212375911793
13 9 0.4557008652119004
13 15 3.188496574227434
13 17 2.871479191322682
13 18 0.4752307617765688
13 20 1.929846079378523
13 21 0.8786738302026784
13 25 0.4507283847368611
13 29 5.632389207753592
13 30 0.4868368458393316
13 31 1.385120348407736
13 33 1.342395210494642
13 36 0.940148315505196
13 37 5.022209237984678
13 38 0.9664860011903489
13 39 0.9246488507977554
13 40 0.4470241131655988
13 43 0.4541033997874007
13 52 1.232950911008767
13 53 0.4698182242160356
13 55 1.353651347858573
13 58 0.4606255229526708
13 60 1.820493465881818
13 67 0.4149246728793425
13 70 1.920539156229561
13 72 0.4698813639792087
13 74 0.917086356136099
13 75 0.9751509213107511
13 76 7.694174880054759
13 77 0.4438945847070372
13 79 5.14784763120191
13 80 0.8595924722881222
13 83 0.486285219532813
13 84 0.4652003185031276
13 87 0.4432933909596256
13 90 0.9140285144560625
13 91 0.9221627844559913
13 94 1.836132086681641
13 95 1.85120454343189
13 97 0.4577329479125478
13 98 0.8955562301325616
13 99 0.9666727012467038
13 100 0.468581561355478
13 102 0.4387265897547927
13 103 4.085923592151251
13 108 0.9498015308889667
13 109 0.4025420791986557
13 110 0.4637649046120219
13 116 0.9238185348539093
13 117 0.4415651947743616
13 120 0.467578902833906
13 122 0.4383533949585182
14 1 10.13228535606418
14 7 0.8067466415747195
14 11 47.79436347688347
14 12 0.8707999858477896
14 14 44.86891158514819
14 15 2.897753938555775
14 17 5.628340001951321
14 21 5.207759039296849
14 26 3.627194688485743
14 27 0.4383602266740318
14 28 5.09362156970005
14 29 2.768565381036247
14 30 0.8793541170330788
14 31 0.83815677663734
14 32 3.539858912063938
14 33 5.702584142918776
14 34 17.98502998559824
14 38 0.4367787127524421
14 39 0.4196324086181763
14 40 43.13645397391701
14 41 0.4327454974682557
14 43 0.4128293309299457
14 45 7.930128762745819
14 47 0.4215817705799603
14 54 0.8738057532363963
14 55 14.77566363371204
14 56 0.406087266147602
14 57 4.091035182258341
14 59 0.4266593497993406
14 62 0.4078170506306545
14 63 2.018933510987768
14 64 0.3815618999079128
14 65 1.218488302495346
14 66 0.8178361288637591
14 69 4.464982251745758
14 70 0.8684089651197207
14 72 8.9419093264154
14 74 0.4165170325704621
14 75 11.44780254065642
14 77 5.256598813751008
14 78 4.045051689150664
14 82 5.575049970243153
14 85 1.650680287279159
14 86 0.8152106225904107
14 87 35.53901374810152
14 89 3.254110583463731
14 90 13.28750184220151
14 91 1.255787475143187
14 92 0.4374843527548015
14 94 0.4169123303865751
14 95 0.4200147787980217
14 99 0.436854614415244
14 100 11.89266792341848
14 101 6.936811707768357
14 102 1.200239076445046
14 105 2.440826970770805
14 106 0.4297018182089816
14 107 0.410710033828338
14 110 0.4207964143495391
14 112 0.4110885708448833
14 114 22.75290228008015
14 115 1.234568464841291
14 116 0.419288721907328
14 118 10.14509066266642
14 119 0.81657559745857
14 120 0.8477960011049078
14 122 0.3997742641658162
15 1 23.34961582690712
15 3 0.4642859409555875
15 6 1.317381486472045
15 7 7.506549713699806
15 8 0.9133050035642221
15 9 0.4544733297955817
15 10 3.554743782323734
15 11 19.57447617845213
15 12 5.282351660696983
15 13 3.188496574227434
15 14 2.897753938555775
15 15 160.8105780440114
15 16 11.23507382214429
15 17 4.772198928694785
15 18 23.21992160269482
15 19 2.521840099784651
15 20 20.68615113349406
15 21 10.07873835570997
15 23 0.4541779699980741
15 25 22.47533670699139
15 27 8.224343230719828
15 28 8.126739205420344
15 29 6.482050115500463
15 30 8.7374822237987
15 31 1.381331175570808
15 32 0.8589813144095642
15 33 1.338835900743738
15 34 10.05324404817464
15 35 0.4231727836318236
15 36 13.59434924833013
15 37 5.463931600320747
15 38 9.15533795573586
15 39 3.688547658547709
15 40 26.749249821439
15 41 1.430857361177528
15 42 0.8846117020632721
15 43 3.170028446170107
15 45 13.62160438486209
15 47 36.61034423339859
15 48 0.9458379821926114
15 49 6.228158438769902
15 51 5.419013877034756
15 52 8.609295240212758
15 53 0.4685134931675391
15 54 2.410203065012815
15 55 13.05025765875981
15 56 1.779023843225329
15 57 4.035709904956962
15 58 1.378052703696977
15 59 18.78268638109489
15 60 7.2622999495806
15 62 8.936834779777454
15 63 0.884040630675642
15 64 3.324226439041782
15 66 8.51599083075304
15 67 0.8278617025898967
15 68 17.19182465316941
15 69 4.890364424735866
15 71 15.30548990903126
15 72 2.811342584323403
15 73 4.954650702532595
15 74 2.74383610319061
15 75 14.5849546896025
15 76 0.959014869797617
15 77 7.526021729984356
15 78 7.086219076986183
15 79 25.66759178144832
15 80 10.71793156870578
15 82 149.7671044576198
15 83 13.57638206836055
15 84 3.711213607774395
15 85 2.716268202350434
15 86 12.95241707496605
15 87 29.17921401034448
15 88 6.27105670601251
15 89 39.21282092985652
15 90 157.2458946426688
15 91 22.07180232960937
15 92 3.861735164601223
15 93 2.272532818130939
15 94 26.55145021930215
15 95 22.61497952018166
15 96 1.434095709235705
15 97 10.49886616539834
15 98 1.786382627584145
15 99 25.54349632006162
15 100 23.83049223385749
15 101 2.235697872508561
15 102 2.187889991211922
15 103 2.263829545898179
15 104 14.55917929682951
15 105 12.0324749480743
15 106 9.4651639751877
15 107 0.9006391499591336
15 108 3.788552155634489
15 109 0.4015839580937416
15 110 1.84986013697536
15 111 5.718122115907664
15 112 1.803134068299256
15 113 0.4334696114987462
15 114 10.68111125295972
15 115 105.605273843526
15 116 17.04416949500984
15 117 7.046178995263598
15 118 16.07529064259854
15 119 8.949068782449116
15 121 6.28303761175577
15 122 2.623161934094636
16 1 159.7576598320974
16 3 0.9574597411843038
16 4 0.9005962603653465
16 6 0.9041225638000689
16 7 7.274385420195171
16 8 3.294733404045418
16 9 0.468347061016461
16 11 15.83982984545043
16 12 70.88967413285675
16 15 11.23507382214429
16 16 238.5358921479818
16 17 7.38824879492905
16 18 57.21097092646323
16 20 108.766713488854
16 21 0.4511148218411027
16 25 17.13387566883644
16 27 95.91188630355931
16 28 1.759934127129786
16 30 84.21519169003504
16 32 1.325651615073776
16 36 26.59505049361276
16 37 1.407761664048527
16 38 67.65837151118669
16 39 39.9296444747524
16 40 2.754993219271489
16 41 0.4922798018474016
16 42 0.4554668618502279
16 43 1.866554424003385
16 45 63.80721576773909
16 46 0.9320196723976715
16 47 5.256460806130315
16 48 6.83150900014783
16 49 54.39899307146042
16 50 0.3501348001974543
16 51 0.4652952780514621
16 52 9.688390232471107
16 54 3.981423779829009
16 55 15.29906748079746
16 56 21.52795615254085
16 57 1.385744353736127
16 58 6.15585527780173
16 59 107.5362755023514
16 60 1.870947512721485
16 61 0.4615308113604102
16 62 2.301242121562243
16 65 2.290792867815016
16 67 1.701579616463136
16 68 86.24856944033668
16 69 4.120659015324038
16 70 0.9883699576864466
16 71 3.826119667246624
16 72 3.866563548496948
16 73 4.09600115652146
16 74 1.414071750917695
16 75 17.5727652916263
16 76 3.959856602447662
16 77 0.911713874922392
16 78 0.4560798913998007
16 79 162.2073451853065
16 80 37.92980532919351
16 82 3.584712488693122
16 83 94.63161479119113
16 84 0.478387852448488
16 86 2.300143095283638
16 87 19.11966424665221
16 88 67.23717868212914
16 89 18.35728217366114
16 90 19.72918498058756
16 91 2.844228645405763
16 92 30.40261324148039
16 93 0.9367505101444589
16 94 3.303081810404109
16 95 14.75123867389259
16 96 13.81556438950974
16 97 7.527618052169686
16 98 1.379976925635917
16 99 157.237478427024
16 100 16.86813130068782
16 102 0.4504346488182636
16 103 1.399605161637686
16 104 21.14440550405821
16 105 6.425731520990656
16 106 33.20602124740929
16 107 0.4639526219866661
16 108 16.12558456298491
16 110 0.9536690204895937
16 111 35.40862064209166
16 113 0.4460709399204069
16 114 1.375035255824152
16 115 41.38374954686555
16 116 19.94642920579693
16 117 16.77616735954819
16 118 120.7457491740445
16 119 0.4609171166049829
16 120 1.442628871776994
16 121 14.47212097914687
16 122 50.85229619450609
16 123 0.4658191344151366
17 1 1427.301013675685
17 7 8.337908783469985
17 9 0.9549038813634763
17 10 0.4662909621871184
17 11 10.8922277681466
17 12 10.62476510851956
17 13 2.871479191322682
17 14 5.628340001951321
17 15 4.772198928694785
17 16 7.38824879492905
17 17 761.9637045808903
17 18 32.42899163734345
17 20 18.24807815250192
17 21 26.19301233892054
17 22 3.811364080509718
17 23 8.587821799916885
17 25 2.359841804754747
17 26 3.238967171762642
17 27 68.83706157344199
17 28 13.44030227668534
17 29 2.264307583242177
17 30 74.19894377047737
17 31 20.81368790281851
17 32 1.799854656747676
17 33 4.215668548160773
17 34 12.37422876212269
17 35 0.4430130932967399
17 36 5.918965184022216
17 38 30.46594750718807
17 39 1.938921062524468
17 40 21.52368195770423
17 41 19.08813173583949
17 43 0.4756885560555569
17 44 0.9458216852107392
17 45 366.7247822283946
17 47 1.46198282906961
17 48 53.27001295294096
17 49 2.52345307618304
17 51 0.4742707957897191
17 52 0.4285994598603965
17 54 51.30442015216528
17 55 8.977863509096045
17 57 1.412277307639457
17 59 16.80061883374188
17 60 1.907247865838592
17 62 0.9380592494393052
17 63 7.883471039997175
17 64 0.434633040744197
17 65 1.867449115138647
17 66 8.46966158923537
17 67 0.8658212548489479
17 68 15.63785818513134
17 69 2.799240210656431
17 70 13.11242186512145
17 71 1.463237433323665
17 72 426.4580950867538
17 74 0.4805936037258332
17 75 570.9793575777938
17 76 1.010319465084408
17 77 7.431669506701268
17 78 0.9293596482889998
17 79 1.963791734526527
17 80 0.8981846954936765
17 82 4.564053841631978
17 83 6.133231146886009
17 84 85.37607365283687
17 85 1.902039762149025
17 86 2.812817821542902
17 87 14.84220355037662
17 88 10.67557086497161
17 89 5.611954590949686
17 90 13.40906348894535
17 91 1.933462897793664
17 92 1.017446830683403
17 93 0.4774998438893739
17 94 6.735440912460908
17 95 3.396703974464902
17 96 1.007047083524169
17 97 1.438952991975941
17 98 8.906525104886395
17 99 37.58223369033203
17 100 64.88902050507173
17 101 4.224234930411056
17 102 1.376501969812368
17 103 2.377812359576747
17 104 3.588389499404998
17 105 43.02983975293737
17 106 10.96096584792164
17 107 0.4728758185533325
17 108 0.9971366427290809
17 110 30.14927601168588
17 111 6.021889615301997
17 112 0.9467559837315943
17 113 0.4543124851926456
17 114 19.14918551286308
17 115 2.843708668948058
17 116 0.9685397116177078
17 117 1.38578144006745
17 118 727.2855962121383
17 119 9.394155305598625
17 120 7.847709456607813
17 121 2.546888357301931
17 122 2.292069009394027
18 1 1118.286880935284
18 3 1.939020503442999
18 5 1.370254756118687
18 7 8.741269835940708
18 8 2.38241587867644
18 9 0.9482105999956365
18 10 0.4631001000724581
18 11 13.41992560689891
18 12 118.0122244964105
18 13 0.4752307617765688
18 15 23.21992160269482
18 16 57.21097092646323
18 17 32.42899163734345
18 18 1138.098213047707
18 20 341.620097690008
18 21 4.107845214177933
18 23 15.16036501356071
18 25 44.99500585823814
18 26 0.4595837669104548
18 27 258.6119349321235
18 28 1.780227151873447
18 29 3.148950316899622
18 30 198.579263051893
18 32 0.4470165493080374
18 33 0.4652013215366135
18 34 6.373071553609271
18 36 291.8492602532519
18 37 2.375150703337685
18 38 167.8259872702487
18 39 2.406407296532872
18 40 12.08202455472805
18 41 2.493095973767625
18 43 1.889396233272111
18 44 0.9392546249388067
18 45 477.9910185531801
18 47 3.870773008924606
18 48 5.930591047694749
18 49 87.16576047658779
18 51 6.593397326674967
18 52 11.49861109631009
18 53 0.9787325493031395
18 54 37.30933357529626
18 55 9.854136506887631
18 56 1.390623169638878
18 57 0.9350038701961469
18 58 9.5882576323409
18 59 422.855994292336
18 60 6.628611894670589
18 62 0.4658144968261868
18 64 2.159364144266537
18 65 2.318303190663063
18 66 0.9345711488610986
18 67 3.44111709251777
18 68 408.036224322531
18 69 2.780069003208564
18 70 22.02616763261356
18 71 10.16953040041903
18 72 10.76794854013873
18 73 1.037780508225654
18 74 5.249026827639661
18 75 140.4000933249044
18 76 1.504206430169142
18 77 0.4613301758327279
18 78 0.9230183235579006
18 79 156.9442810993848
18 80 23.6454487679006
18 82 5.44018800110015
18 83 233.8537623785868
18 84 13.56243897613498
18 85 0.9443621208728681
18 86 1.862302722237895
18 87 25.79699990104875
18 88 163.4782020311305
18 89 1.393357119417163
18 90 27.1050753437741
18 91 9.598666117734004
18 92 48.97724923568201
18 93 3.318976553040439
18 94 7.165609523475644
18 95 12.52640453674024
18 96 18.99239525822195
18 97 2.381398556100528
18 98 4.655389506783498
18 99 391.6727897419218
18 100 19.52142839154937
18 101 0.4661406869605075
18 102 0.4557500758394344
18 103 4.250162244007262
18 104 22.72517875349697
18 105 15.79320845908157
18 106 250.7520436658815
18 107 0.4695943791556515
18 108 34.14933542583893
18 110 4.345230533952278
18 111 47.32246516217271
18 114 0.9276906950268899
18 115 2.823925698395669
18 116 31.73471419416633
18 117 13.76390276087734
18 118 801.8349803680545
18 119 3.731730533592772
18 120 5.843360536484082
18 121 36.40111619099756
18 122 43.25609172391946
19 6 0.4072884092099522
19 8 2.111775027330865
19 12 1.3272613981752
19 15 2.521840099784651
19 19 224.4746097455678
19 20 1.329456512808046
19 23 0.4201963151127927
19 24 0.4171077481433632
19 25 1.664894039684969
19 35 0.3935266298557291
19 36 0.4326693813207773
19 38 1.331456383566688
19 41 0.879338278757175
19 49 0.8829672497060269
19 50 21.62312115498447
19 51 40.12878782091298
19 52 0.3821150370544558
19 53 3.027142822225873
19 59 1.300117754765734
19 62 3.311534027700772
19 64 0.3869021889630144
19 69 0.4119890649413956
19 72 0.4324886170924586
19 73 6.374758209573496
19 76 0.4418012456144938
19 78 1.642184707497188
19 83 0.4463435806406045
19 84 0.8570974056604905
19 85 0.4189584382362573
19 86 1.241307184947892
19 87 1.229649352504789
19 88 0.4442433024555172
19 90 0.4215880505551217
19 99 0.4438716637973327
19 102 1.623909839383886
19 107 0.4169051926928222
19 108 0.8735760428757496
19 111 0.4392535626532779
19 115 1.671062834952801
19 116 0.4257478876510944
19 117 1.225216824286845
19 122 6.084658233077762
20 1 751.1469592862987
20 2 0.4750047413512013
20 3 2.953725989378921
20 4 1.386749720531219
20 6 0.4641249808092505
20 7 29.87828062468347
20 8 14.02905584807593
20 10 3.28972060066938
20 11 5.70567010906008
20 12 194.9229085360778
20 13 1.929846079378523
20 15 20.68615113349406
20 16 108.766713488854
20 17 18.24807815250192
20 18 341.620097690008
20 19 1.329456512808046
20 20 2918.171790292376
20 21 1.389298544729399
20 23 20.68107455729625
20 25 31.3986981247714
20 27 199.036934564675
20 28 2.257022670783358
20 29 3.650649697597075
20 30 205.9443716814095
20 31 0.9760105524233328
20 32 3.627130020332803
20 34 1.385576560040038
20 35 3.124353317375814
20 36 121.3581633643513
20 37 4.340350381388648
20 38 133.6658267354185
20 39 8.796657038583596
20 40 3.772886092401593
20 41 3.039544465201845
20 42 0.935378458667254
20 43 7.672016287885516
20 45 409.2295448490328
20 47 11.79236815043449
20 48 4.518358453994696
20 49 149.1378581393639
20 50 0.3573181492213124
20 51 2.86837471739369
20 52 10.36041496982814
20 53 4.473398366735098
20 54 80.43665638520865
20 55 17.14678255749508
20 56 8.938046795549088
20 57 1.898047044003631
20 58 20.93145347218553
20 59 263.0858256219404
20 60 84.59565421183518
20 62 1.418261764834625
20 63 0.9347400596475809
20 64 1.31353667368299
20 65 0.4705523216966911
20 66 2.371421962696546
20 67 2.616367298061888
20 68 193.6417419390083
20 69 2.351118237840714
20 70 9.6639823260274
20 71 9.835626308222281
20 72 5.468465457556634
20 73 7.38539783758769
20 74 8.720675761791258
20 75 120.9772684908478
20 76 6.113678289452793
20 77 0.9362514949712357
20 78 1.873354671300281
20 79 128.2104509876608
20 80 17.64804462850017
20 82 7.358916212670944
20 83 2422.479846064751
20 84 11.31351642064249
20 86 4.25267376559558
20 87 22.90551976970908
20 88 131.2587323212706
20 89 4.242270342241321
20 90 29.44932104192931
20 91 24.36578219786038
20 92 104.1593966384126
20 93 12.99629129518292
20 94 32.49624400494935
20 95 42.56265677090213
20 96 19.80464140042551
20 97 2.41775209172024
20 98 4.252332842597577
20 99 2795.780132593141
20 100 14.37459862146374
20 102 5.086386168662517
20 103 6.232066078142355
20 104 13.10658634819842
20 105 5.657012308089791
20 106 87.42196779794237
20 107 1.429953984893156
20 108 43.23872459592805
20 109 0.8447497974708563
20 110 1.961142511493961
20 111 86.54162334397324
20 114 1.412227914657109
20 115 19.58786314237182
20 116 64.9360280123131
20 117 41.89846557480001
20 118 552.7991427531166
20 119 2.367190909420922
20 120 18.29837023815852
20 121 128.9567343047128
20 122 28.18006771830295
21 1 34.16993577383126
21 3 0.8949419210214777
21 6 0.4241112280461732
21 7 3.837376702727205
21 8 0.4404570300490022
21 10 0.4289850286507347
21 11 20.95268880235639
21 12 0.9245878796321843
21 13 0.8786738302026784
21 14 5.207759039296849
21 15 10.07873835570997
21 16 0.4511148218411027
21 17 26.19301233892054
21 18 4.107845214177933
21 20 1.389298544729399
21 21 80.41643472230837
21 23 1.314337604419375
21 25 0.8675200465764858
21 26 13.63022308001581
21 27 0.9312141160558282
21 28 25.63410124982729
21 30 3.269863929399066
21 31 12.87455507690727
21 32 6.226737006002629
21 33 2.584608563017938
21 34 13.0884790188547
21 35 2.455201167298632
21 36 2.710119386572874
21 37 0.4392162893675858
21 39 0.8890326032496387
21 40 42.603918941197
21 41 2.296408881146293
21 43 0.873765321456218
21 45 12.63903505246363
21 47 3.573769927072085
21 48 1.822158044931498
21 49 0.9225075380181462
21 50 0.3331375637562215
21 52 5.159048537441628
21 54 4.175954623083579
21 55 5.210910110578639
21 57 8.22239886639275
21 59 1.357290684563748
21 60 0.8756923070833006
21 62 1.293907718574322
21 63 15.36508531504167
21 64 1.206175223228239
21 65 1.717793114723778
21 66 12.11183130419574
21 67 0.4005384289964968
21 68 4.030704473945963
21 69 19.74266842982062
21 71 3.129502815067043
21 72 17.15664383716565
21 73 0.4764386840653065
21 74 2.646207536691091
21 75 13.56664822839187
21 76 0.92328398612856
21 77 12.39580009603117
21 78 2.9932723697802
21 79 0.4497705984840514
21 80 8.701986502064619
21 82 27.75928261511613
21 83 0.4666337165182671
21 84 5.365976063412771
21 85 6.114624268169187
21 86 3.448811648660742
21 87 16.22163759543514
21 88 0.9286264514212018
21 89 36.99173523747949
21 90 35.16960868309607
21 91 0.8867340499177669
21 93 0.4384513734650455
21 94 2.207391185511679
21 97 0.440282823859288
21 98 4.310651410994323
21 99 2.783485555812435
