%%MatrixMarket matrix coordinate real general
%
150 150 4459
1 1 4.317693222123358
1 15 0.09886580178685286
1 21 0.02445611393970735
1 29 0.07059462067752312
1 30 0.4832803072708994
1 33 0.5214132777122193
1 36 0.02415935053044959
1 42 0.04861438836190088
1 47 0.02360048293467551
1 56 0.02481189073668792
1 57 0.417392381830153
1 59 0.07201458721531229
1 67 0.02417358006232292
1 70 12.80408797036403
1 72 0.1918758409771118
1 76 0.2081989531406646
1 80 0.09792027385565874
1 82 1.509669536213934
1 86 0.04883868460797552
1 90 1.266412055351662
1 92 0.2104932495510683
1 95 2.538786899634656
1 103 1.44416230658663
1 109 0.04870473583815422
1 112 0.02405164309312732
1 113 0.02400438536233028
1 117 0.7571241417019321
1 119 0.04859277481699177
1 121 0.02389557829533426
1 122 0.02378761401396957
1 128 0.04644949563159881
1 132 0.1873472203865315
1 133 0.07119686464025164
1 140 0.02411084374238972
1 145 2.200065358668837
1 148 0.04904092888828521
1 149 0.04773164745308846
2 2 21328.6919488774
2 25 236.9762221327466
2 38 1780.548177381366
2 62 5426.355819018509
2 97 36.56662902470574
2 98 15604.39632722849
2 101 139.7303204218552
3 3 833.9717900325418
3 6 0.760355058983096
3 17 12.15997453386375
3 40 128.5167581585181
3 51 0.5931974097330222
3 66 2.078304738967918
3 74 38.14321059085713
3 79 0.5622872629167149
3 126 0.7392764490827699
3 131 1.783874573428474
3 143 433.7606850657054
4 4 31.50903705925913
4 27 0.8630747713935346
4 49 0.2697565001252744
4 54 0.1081429544854286
4 55 19.50461679930453
4 83 0.1347141129795731
4 111 35.63630405139399
4 124 0.02700886562887383
4 136 2.266056866231839
5 18 0.06240443303561003
5 65 0.7889426228779827
5 85 0.1182041998816108
6 3 0.760355058983096
6 6 4.989930384811773
6 17 0.1519652152988896
6 40 0.1520810833276916
6 51 2.583521894939061
6 61 0.2552645422362331
6 66 7.758646783777632
6 79 10.35848375685294
6 126 6.666247528502205
6 131 0.6093848697112734
6 134 6.440277815653238
6 143 1.064512752443715
7 7 49.83509404274528
7 30 0.08186476423995541
7 31 0.0552301398732464
7 41 0.1129156748871174
7 48 2.229737263032981
7 56 0.5623470298755601
7 63 3.007642969565519
7 68 0.3070011496787812
7 70 0.02693706117770184
7 73 1.27854685120474
7 80 0.1384597487479468
7 87 16.1904594181599
7 89 0.02799968095719689
7 94 0.0286644870314143
7 100 11.43447824742088
7 102 0.0565469378164283
7 105 14.11068110766956
7 109 0.02752865419374626
7 118 47.17351614324166
7 119 0.1647431099495957
7 127 0.02853920112093752
7 147 2.375878097216085
7 148 0.02774365506585049
8 8 3.034817853136878
8 27 0.1081230882197284
8 33 0.3689240996712281
8 36 0.6460794925539044
8 43 1.156786924290571
8 44 0.2196396182585637
8 50 0.08212425874024573
8 54 0.5148182986966265
8 55 0.02703711274987103
8 56 0.02773273817094738
8 58 0.1883365135426029
8 67 0.781191940899028
8 71 0.08188039051783465
8 72 0.1869220549284017
8 75 0.1235659050747828
8 78 1.98224214353515
8 82 0.02533357793502021
8 83 1.026090074323084
8 86 0.02724322097232603
8 88 0.1647082320665303
8 90 0.5975647627328716
8 95 0.156677759751286
8 104 0.02673673925006747
8 106 0.05506046743021108
8 107 3.741485197351629
8 108 0.1331795706978126
8 116 0.02766204225525071
8 120 0.299982674101368
8 121 0.0531857772447077
8 124 4.141505269495465
8 129 0.48370587507043
8 136 0.1351829159704444
8 137 1.189883084225121
8 140 0.3760370906276773
8 142 1.000010108164898
8 144 1.810263518874397
8 146 0.05391148303969395
8 149 0.9029062071121428
9 9 18398.29101318206
9 20 6.003577418134205
9 23 3.067756222207997
9 25 41.92327080355059
9 38 23.95864913474203
9 52 28.23750183553863
9 53 365.3198065359627
9 62 11.97847295305328
9 81 1272.75965517061
9 96 123.3773845140944
9 97 1093.209563851905
9 98 65.88124314166132
9 101 89.81967079692541
9 114 172.6759563371718
9 146 563.304102979642
10 10 17.12523175787803
10 26 0.05702884841953767
10 30 0.02722559333643395
10 31 0.137754724621641
10 39 1.889071767946545
10 42 0.1918521262775922
10 46 0.1649528125493846
10 56 0.1122034214925198
10 64 0.02777398520816599
10 68 0.02784364295076639
10 70 0.05375202639148674
10 73 0.1109180701265653
10 80 1.270862445713341
10 86 0.08265041554277337
10 87 4.710030166520557
10 109 7.772574296414789
10 110 0.2202363591135802
10 119 0.8766001198943348
10 125 0.0567494940811066
10 127 0.0284706888229899
10 135 2.880240695020806
10 138 0.08425281276092775
11 11 2.400026945424794
11 15 0.02802837145995514
11 21 0.3323293424918941
11 32 0.4186251645920619
11 44 0.2507854828960204
11 54 0.05498998664984737
11 56 0.1126048928777082
11 71 0.1938905297317291
11 88 4.764290839805915
11 106 2.766319895458988
11 115 0.5304490386211109
11 116 1.403918804987414
11 120 0.0276757307199514
11 125 0.02847744445883311
11 150 1.366822183363029
12 12 0.4110432912171515
12 21 0.02655683054470457
12 35 0.3071050727276338
12 64 0.02672073746114765
12 70 0.1035543544299601
12 90 0.02643658979391268
12 92 0.3289303258747718
12 112 0.4955320006748393
12 113 0.02602500586321704
12 133 0.3084670381042544
12 145 0.3545078078680384
13 13 0.05398846056330299
13 15 0.02756025992724811
13 29 0.02609510294301379
13 30 0.1612512458535455
13 33 0.1578193686112549
13 56 0.1383951295095216
13 67 0.1613219929798289
13 70 0.6368282758525463
13 73 0.08209835321810921
13 80 0.2726671074434014
13 86 0.02719135542301871
13 90 1.165753536247302
13 95 0.0260653230548412
13 103 0.1313571909871047
13 108 0.05317271084137296
13 113 0.08003363871998591
13 119 0.1622341860954616
13 123 0.02908236681983296
13 130 0.1623039688476514
13 139 0.2183679479778509
13 140 0.02680940103901725
13 148 0.5736538698746506
13 149 0.05301363983965377
14 49 0.08092579880112043
14 55 0.02697735170037243
14 111 0.1079058618504381
14 136 0.2158126703496711
15 1 0.09886580178685286
15 11 0.02802837145995514
15 13 0.02756025992724811
15 15 43.97116534161072
15 21 0.3893869823568769
15 24 0.05505860962092624
15 26 0.02874550522343429
15 29 0.02662368345675324
15 30 0.3292341410239009
15 33 0.1342017657852209
15 34 0.1136389620964759
15 36 1.481226773283412
15 37 0.1474656488747001
15 41 0.0283872211264092
15 43 0.05482290082725449
15 44 0.6156875682020572
15 47 0.08013583288150149
15 50 0.05580487629291953
15 54 0.13806294214014
15 56 5.372143642873404
15 59 0.02723118000029934
15 61 0.03801155400667669
15 67 0.08234550206608048
15 68 0.02806393701373252
15 70 2.004009752604903
15 71 1.001446263439276
15 72 1.278636347833558
15 73 0.1117919402037663
15 78 0.3275054413759446
15 80 1.475748584955233
15 84 0.229656641117038
15 86 0.08329741253613941
15 87 0.1396207645704727
15 88 0.1119282409656168
15 89 0.08446645155210362
15 90 12.2075357933362
15 93 0.2525684981483404
15 95 0.5584462811794191
15 99 0.09010038881897033
15 102 0.0568646258059808
15 103 0.02680723033015645
15 104 0.2179189132409949
15 105 0.02804120599453063
15 106 0.08419212334203219
15 107 3.094531382590354
15 109 0.05535843897400009
15 112 0.873324712111072
15 116 2.227875949546338
15 117 0.1875191908073235
15 119 0.1656417197852302
15 120 2.501534068888081
15 121 0.05418119410815551
15 122 0.02695193159423544
15 123 0.2081839500703337
15 125 0.4862610173418074
15 127 1.234146828456387
15 129 0.02738088772887709
15 130 0.2209526045608286
15 132 0.0232000385806045
15 137 0.02821102509756794
15 138 0.02830839433263842
15 139 0.05574966615712785
15 140 0.2736764706273585
15 142 0.1652493790215541
15 145 0.2646179211976945
15 148 4.854008917876887
15 149 0.5410474377531085
16 16 0.05117518598603919
16 36 0.1307691788160995
16 47 0.178501059451876
16 57 0.05003960890431926
16 70 0.05167272849854396
16 71 0.02650615364616651
16 72 0.07784734238690957
16 78 0.07808503414670323
16 82 0.1479234165826026
16 95 0.9902655729356685
16 104 0.1039233286030088
16 140 0.02609699179255665
16 142 0.02625510728400546
16 145 0.05054398632307137
16 149 0.7226861467618447
17 3 12.15997453386375
17 6 0.1519652152988896
17 17 5.631276767883199
17 40 3.410935978116682
17 51 0.2963936892056495
17 66 0.5933948825182158
17 74 1.038211664519183
17 79 1.26433476133427
17 126 0.4432630742789072
17 131 0.4456635786939718
17 134 0.4820670643157495
17 143 22.98565166933749
18 5 0.06240443303561003
18 18 13.50785006835223
18 26 0.3991046061077974
18 31 0.2662769615940572
18 41 1.211681851043787
18 48 0.2988111442225346
18 56 1.236708778735468
18 60 0.3320570748807734
18 65 4.156309243947367
18 68 0.02992411844762722
18 84 0.03065637382084406
18 85 0.1216407511102137
18 87 0.71436800423479
18 94 1.016211040217562
18 100 0.1196037582945499
18 102 0.4248076147223869
18 105 0.4185768788939862
18 106 0.05984845157266548
18 116 0.0300799378572627
18 125 0.1526925197413893
18 127 0.06129927249692964
18 135 0.03103432458205563
18 141 0.1814912596106732
18 147 0.02959936070884243
19 19 32.65297822046305
19 29 0.07368160171285404
19 42 0.07622000898389421
19 47 0.1970846710560044
19 57 0.870732983194713
19 70 0.02494933885219603
19 72 0.02505439451202518
19 76 0.2653959124434679
19 80 0.02559557427741501
19 82 26.01472245987888
19 92 0.02440435386864831
19 95 0.392545733167801
19 109 0.05091202888908031
19 112 0.02512760880378104
19 121 0.02495731733908273
19 128 1.13864206579321
19 145 0.2198036720798122
20 9 6.003577418134205
20 20 390.7908582990943
20 25 6.091046869958366
20 53 10.90851675729491
20 81 257.6926122807232
20 97 488.7415041215492
20 101 6.089955658523394
20 114 6.0551624549107
21 1 0.02445611393970735
21 11 0.3323293424918941
21 12 0.02655683054470457
21 15 0.3893869823568769
21 21 66.95133462506104
21 28 0.1392518153025832
21 30 0.2711579259302201
21 32 0.3046465388768564
21 33 0.1061345879465328
21 34 0.02806632588702902
21 36 0.08132963212734251
21 41 0.0560887100446958
21 44 0.5253975700641617
21 45 0.2218871299350197
21 56 6.229344160449964
21 59 0.0269155231750026
21 67 1.817562702724491
21 68 0.2218306139542564
21 70 0.2141520096292464
21 71 7.476907155675159
21 72 0.08066996828914624
21 73 2.126400758807262
21 77 0.138054989981994
21 78 0.02697506544202077
21 80 0.1650862360209329
21 87 0.1379616559413171
21 88 0.8294655139580278
21 89 0.445090431583432
21 90 20.2703219063391
21 106 1.774648712990019
21 107 0.6280111156802864
21 108 0.02682178285332534
21 109 0.0273531537576891
21 115 0.08311495250507507
21 116 1.560303466278036
21 117 0.02648291760082857
21 119 0.163695452700985
21 120 0.4119905025542012
21 122 0.02664267855498074
21 125 0.3108108289534688
21 127 0.1984545408003652
21 130 3.27532916957212
21 138 0.02796742587329018
21 139 1.873004606825518
21 140 1.920465700188513
21 141 0.02800702911390617
21 148 0.41348114773351
21 149 0.02674083394451404
21 150 0.1660880103164852
22 34 0.05925838245605618
22 37 0.1848572586565553
22 61 0.08045371338073908
22 84 0.029952518419836
22 85 0.0891525580630836
22 93 0.1755148750662719
22 102 0.02965357346377581
22 120 0.1158439096521324
22 123 0.2797171289863326
22 127 0.02994601814978581
22 148 0.02907131165303786
23 9 3.067756222207997
23 36 0.05280964390141994
23 52 2.996911739717068
23 53 29.17605512394677
23 75 1.483372028225987
23 96 11.39164914192903
23 97 3.095114437264161
23 114 6.162299328488226
23 146 8.884090119808533
24 15 0.05505860962092624
24 24 0.2693496344578358
24 33 0.02627505815900777
24 43 0.02682214806005584
24 50 0.05458399470561312
24 54 0.1350732878974628
24 55 0.02695639467724451
24 56 0.02764781934871853
24 67 0.02685757250973646
24 70 0.026505840308156
24 71 0.02721119539428629
24 72 0.7188593082972721
24 78 0.1068313391419316
24 90 0.0812418558756479
24 104 0.02665780137923973
24 107 1.16233564316568
24 116 0.02757755509803249
24 124 0.08096344801823632
24 136 0.1347793916916631
24 137 0.1103486120718249
24 140 0.1071205279167657
24 142 0.2425200228421388
24 144 0.5926418930073659
24 148 0.02728644134535537
24 149 0.02647822492897205
25 2 236.9762221327466
25 9 41.92327080355059
25 20 6.091046869958366
25 25 1142.302496230616
25 38 437.5238274687836
25 62 1312.482919923948
25 81 12.24061949485565
25 97 134.0725024459786
25 98 1057.266171347304
25 101 151.874724655456
26 10 0.05702884841953767
26 15 0.02874550522343429
26 18 0.3991046061077974
26 26 14.1545127936816
26 30 0.02800103063961999
26 31 0.283453147203622
26 39 0.02816208129154701
26 41 0.2029465649996648
26 56 0.8951169446134126
26 60 1.358116990766465
26 68 0.859657321697778
26 73 0.05706862745133941
26 80 0.9664940664271396
26 87 14.82495136570453
26 90 0.05651314683002094
26 93 0.05730876628984965
26 94 0.2945208880820082
26 100 0.2577051497232949
26 102 0.4936705761113388
26 105 0.5153682921063997
26 106 0.05731056482615086
26 109 0.05650846543313907
26 116 0.1727886648871013
26 118 0.08577034654108244
26 119 0.1690737162508619
26 120 0.02837470678656248
26 125 0.3798349347626281
26 127 0.08795952011921571
26 135 2.93749921967264
26 138 0.02891012603767273
26 147 0.02835727731448463
26 148 0.02848076076448808
27 4 0.8630747713935346
27 8 0.1081230882197284
27 27 3.936928308894755
27 36 0.02685505414768592
27 43 0.2415342958142776
27 49 0.5663660786016231
27 54 0.5676274476425994
27 55 2.589265058856553
27 78 0.08016826088991409
27 83 2.828384766837083
27 95 0.05210356908870167
27 104 0.05334514450483104
27 107 0.2704630716397574
27 111 4.180494822528749
27 121 0.02652952979971583
27 124 0.594065345058768
27 136 5.69088901427236
27 137 0.1932213290296922
27 140 0.02679513270347752
27 144 0.6199284063722705
27 145 0.02592619708230393
27 149 0.07947858124440879
28 21 0.1392518153025832
28 34 0.3129320425118739
28 56 0.2548142965645523
28 85 0.1141187644860528
28 89 0.507481348911303
28 130 0.1382778611990963
28 139 0.1395601743056165
28 141 0.5393617823707211
28 148 0.05586766060222555
29 1 0.07059462067752312
29 13 0.02609510294301379
29 15 0.02662368345675324
29 19 0.07368160171285404
29 29 5.050788670036527
29 33 0.6871176309597626
29 36 0.1558704277403601
29 47 0.02533334626953575
29 57 0.09943720930600808
29 67 0.07798475352638644
29 70 1.514249169760747
29 72 0.1031057368657892
29 78 0.02585459958450664
29 82 1.665860374806374
29 90 0.3144452397684067
29 92 0.5268662742744841
29 95 5.62540809067545
29 103 0.1270952071175934
29 104 0.05161532759118741
29 107 0.1046295556004539
29 108 0.02571375355741915
29 112 0.02585392451929791
29 113 0.2321942042578367
29 117 0.05080428683584139
29 120 0.05261057170831004
29 121 0.1540421020722544
29 122 0.02554909562637157
29 128 0.1992071771211558
29 132 0.02215301292032815
29 133 0.1019413454734613
29 140 0.02592234261207521
29 145 0.8536799404344625
29 148 0.02639642727372219
29 149 0.5897045754601047
30 1 0.4832803072708994
30 7 0.08186476423995541
30 10 0.02722559333643395
30 13 0.1612512458535455
30 15 0.3292341410239009
30 21 0.2711579259302201
30 26 0.02800103063961999
30 30 8.936899999381611
30 31 0.1624282516341772
30 33 0.4190425270672946
30 34 0.02768232281693614
30 36 0.2942656026775376
30 39 0.1345211505885889
30 41 0.1659659358686221
30 42 1.077312792001725
30 44 0.02727965266571908
30 46 0.1620874817755898
30 56 2.755386357128166
30 59 0.02656216750334354
30 60 0.02757330358285439
30 67 0.1070755930015549
30 68 0.9573880841336994
30 70 6.948315574781998
30 71 0.05424029398886034
30 72 0.1857610324322366
30 73 1.389430903601504
30 78 0.07986049702128452
30 80 4.506105930282494
30 82 0.0251842143978338
30 86 0.406058321663629
30 87 1.660487141576582
30 88 0.02727609892460992
30 89 0.05488170309314678
30 90 5.101193230311353
30 93 0.02735316594565888
30 95 0.5190863542719235
30 100 0.02733448296928219
30 103 1.334090423607916
30 105 0.3006556898860192
30 106 0.1094160799657867
30 107 0.08082376736184241
30 109 3.130643345189284
30 112 0.05323886510922037
30 113 0.053123077125109
30 116 0.1923884512083701
30 117 0.7842222889581757
30 119 4.118694890260681
30 120 0.1896871732500237
30 122 0.05259300523670858
30 124 0.05379642645186883
30 125 0.2786637208194306
30 127 0.1677533449425127
30 130 2.450729576534784
30 132 0.9085045536156077
30 135 0.1131146748050718
30 138 0.08275835049167285
30 139 0.3260909111190235
30 140 0.08007596148855048
30 142 0.05371476233183638
30 145 0.07748888283788521
30 147 0.1895761363779696
30 148 0.9790165974548695
30 149 0.1055681483522045
31 7 0.0552301398732464
31 10 0.137754724621641
31 18 0.2662769615940572
31 26 0.283453147203622
31 30 0.1624282516341772
31 31 8.053541793240687
31 34 0.6724498962845883
31 39 1.660534626460358
31 41 0.02799683525492257
31 45 0.02768941907241639
31 48 0.3593914229931456
31 56 2.314632838493153
31 60 0.2232572205084457
31 63 0.02762265667695328
31 65 0.1728814467996702
31 68 0.1107294685930728
31 73 1.516323549132046
31 80 1.345962675065384
31 86 0.3560985895917136
31 87 25.28753791724973
31 89 0.1110856200592153
31 90 0.1638609492404
31 91 0.02777978975330363
31 100 0.1659748485102822
31 102 0.0280406956715645
31 105 0.6361855396971896
31 106 0.02768241228917643
31 109 1.22885830456984
31 116 0.02781562743488344
31 118 0.1104863402673276
31 119 5.42028092211849
31 127 0.4245313216154717
31 130 0.0272493797932858
31 135 0.05725959136190344
31 138 0.05584034120168292
31 139 1.512409269891438
31 147 0.3014464649772062
31 148 0.08255852929247742
32 11 0.4186251645920619
32 21 0.3046465388768564
32 32 0.1116372862080332
32 44 0.05573208848735999
32 71 0.05539930086369263
32 88 0.2786241824079688
32 90 0.05512867535455248
32 106 1.453071598912752
32 115 0.08375815211325886
32 116 0.3931123795878934
32 150 0.3068493224478296
33 1 0.5214132777122193
33 8 0.3689240996712281
33 13 0.1578193686112549
33 15 0.1342017657852209
33 21 0.1061345879465328
33 24 0.02627505815900777
33 29 0.6871176309597626
33 30 0.4190425270672946
33 33 92.43061841304792
33 36 3.90151152285312
33 42 0.02635841574836576
33 43 0.1831735474138901
33 47 0.02552943681032884
33 54 0.02635088672793037
33 56 0.2156236392740003
33 57 0.07514424675155398
33 58 0.02617068505037682
33 59 0.1300164960332331
33 67 4.192218249022425
33 70 17.09776273858294
33 71 0.0530756113456203
33 72 7.092387986220197
33 73 0.1066246211302394
33 75 0.03949194577455718
33 76 0.04996717111263365
33 78 5.91536127537606
33 80 0.3984272658956549
33 82 0.09872520344510184
33 83 0.1313130325499262
33 86 0.02649033958102226
33 87 0.07990339458311799
33 90 14.92368136202987
33 92 0.02528119865393708
33 95 16.49788035510456
33 103 0.4867125199848025
33 104 0.1820785597063807
33 107 2.610280064559888
33 108 5.157241620082011
33 109 0.3169386787876381
33 112 0.05211634833101457
33 113 0.5200542841905812
33 116 0.08065852555870204
33 117 1.663953430704149
33 119 0.1580744222793277
33 120 0.4242683358109983
33 121 0.3363762644411812
33 122 0.05149727839420132
33 124 0.05265052696805412
33 128 0.02509033674938624
33 129 0.3920961697116599
33 130 1.528692831023127
33 133 0.05136751001450079
33 135 0.0276460731393094
33 137 0.02689532905493207
33 139 0.02658960249309522
33 140 3.762386144456161
33 142 0.6045817518584313
33 144 0.2627816977590635
33 145 0.2277074058210481
33 148 0.399141005844815
33 149 29.09607079714667
34 15 0.1136389620964759
34 21 0.02806632588702902
34 22 0.05925838245605618
34 28 0.3129320425118739
34 30 0.02768232281693614
34 31 0.6724498962845883
34 34 5.8494468331887
34 36 0.1383807982923834
34 42 0.02787035560672362
34 44 0.02824192709363627
34 56 2.568234644578562
34 60 0.3712389058147789
34 61 0.5003150232962513
34 64 0.05649902342236317
34 65 0.236054087965451
34 70 0.02732099734725319
34 73 0.02820342376802814
34 79 0.0472099193595107
34 80 1.404893818742919
34 84 0.1738602585778372
34 85 0.4025913455816511
34 86 1.06468070146098
34 87 0.4790463501508243
34 89 3.23928311532094
34 90 0.3351851445057815
34 91 0.2558122040425569
34 93 0.02832072537205746
34 112 0.02753491699064825
34 116 0.08538328719542748
34 120 0.08414248398889479
34 127 1.738234461866306
34 138 0.2571348119045476
34 139 0.2531607554487665
34 141 1.115863321652705
34 148 0.9008363925189095
35 12 0.3071050727276338
35 35 0.8668208793647774
35 64 0.0266146567821628
35 70 0.4899909161104373
35 76 0.02491125041154064
35 80 0.02648004562264435
35 82 0.02461067501504442
35 92 0.3781074579882313
35 95 0.02534558267395115
35 103 0.02554040204459075
35 112 0.5455701098296446
35 113 0.05184873217559924
35 122 0.05134366521502588
35 133 0.9986867167802833
35 145 1.765867815660864
36 1 0.02415935053044959
36 8 0.6460794925539044
36 15 1.481226773283412
36 16 0.1307691788160995
36 21 0.08132963212734251
36 23 0.05280964390141994
36 27 0.02685505414768592
36 29 0.1558704277403601
36 30 0.2942656026775376
36 33 3.90151152285312
36 34 0.1383807982923834
36 36 32.04129378243616
36 37 0.02870318058712776
36 42 0.05385394752276336
36 43 0.05345580524372735
36 44 0.02727368033217076
36 47 0.05212485601996895
36 50 0.02719456927689777
36 53 0.0532024700164588
36 56 1.129457676995617
36 57 0.02556098620032671
36 58 0.2940419510615796
36 67 5.673778243212816
36 68 0.08204372170554203
36 70 7.184561180163112
36 72 3.104198307075224
36 75 0.5301667123755121
36 78 5.136587128220784
36 80 0.3528106922339941
36 82 0.2517905496388677
36 83 0.08048103529746999
36 84 0.391416040952061
36 85 0.02775324450170124
36 86 0.08119407277933413
36 87 0.02721514345996928
36 88 0.02727012811450869
36 89 0.109739234276044
36 90 8.39220058339215
36 92 0.02580379137979336
36 93 0.3555128761386562
36 94 0.02807275775131316
36 95 3.399303539539671
36 97 0.05325815736681537
36 102 0.02769760922018962
36 103 0.02615314834758469
36 104 1.72670745477787
36 106 0.05469588852876615
36 107 4.498209296094534
36 108 1.773169756170816
36 109 0.05396484239416496
36 112 3.433172672058863
36 113 1.673020621671326
36 114 0.05325399970267364
36 116 0.1648679686576178
36 117 0.05227049163917299
36 119 0.1614824688009672
36 120 3.576178682921229
36 121 2.08739987515872
36 123 0.0289375141858225
36 124 0.05378477152706999
36 127 0.1677155334616035
36 128 0.05120993207976694
36 129 1.228146158454643
36 130 0.10770108938486
36 133 0.1048933100105735
36 136 0.02686078855154251
36 137 0.1099501679568841
36 139 0.08150490628448799
36 140 1.014077019861319
36 142 6.229568010813952
36 144 0.2147460149328432
36 145 0.6456055539330049
36 148 6.008760158100594
36 149 15.30411462786903
37 15 0.1474656488747001
37 22 0.1848572586565553
37 36 0.02870318058712776
37 37 0.3716419985277663
37 56 0.05925833578767886
37 61 0.1620040536762629
37 70 0.02832133918699491
37 80 0.058314351824919
37 85 0.08960083373656773
37 86 0.05814219121728906
37 90 0.1448933795395578
37 102 0.08940748136358531
37 116 0.05909697173323897
37 120 0.05820584918704009
37 123 0.7185923230283727
37 125 0.02999060232599032
37 127 0.2708818599327596
37 134 0.05264828711669442
37 148 0.1752869683361631
38 2 1780.548177381366
38 9 23.95864913474203
38 25 437.5238274687836
38 38 1276.24601999565
38 62 1555.69979191513
38 81 79.57282617618402
38 97 109.7071778063213
38 98 2698.136918062049
38 101 170.1176997533619
39 10 1.889071767946545
39 26 0.02816208129154701
39 30 0.1345211505885889
39 31 1.660534626460358
39 39 151.7666370359159
39 41 0.02781810669734913
39 42 0.108327280921176
39 46 0.1086579359849532
39 48 0.08241354312541174
39 56 0.5264865109441786
39 60 0.02772945771354224
39 68 0.2475685005438207
39 70 0.1328140323072695
39 73 1.917733032118
39 80 1.064565918567302
39 86 0.02722106291780173
39 87 38.54160026228016
39 100 0.1099519306116837
39 102 0.02786140849679826
39 105 0.2198863760922197
39 109 8.331333302186204
39 118 0.0548951162669134
39 119 14.0755658108746
39 135 1.422147871967117
39 139 0.05465176458726806
39 147 33.16973057240973
40 3 128.5167581585181
40 6 0.1520810833276916
40 17 3.410935978116682
40 40 162.9562547677727
40 66 0.1484597542014015
40 74 8.163448326481486
40 126 0.8871853993330481
40 131 7.879261282682905
40 143 88.59771533701954
41 7 0.1129156748871174
41 15 0.0283872211264092
41 18 1.211681851043787
41 21 0.0560887100446958
41 26 0.2029465649996648
41 30 0.1659659358686221
41 31 0.02799683525492257
41 39 0.02781810669734913
41 41 10.64960299949441
41 45 0.05661316023283471
41 56 8.839104784368434
41 60 0.1141363418656238
41 68 0.7357793095630822
41 71 0.0280490479720335
41 73 2.620858784820405
41 80 0.2807586863215136
41 87 2.759392522608022
41 89 0.0851767814925984
41 90 0.1116413499454887
41 94 4.186956937977848
41 100 1.555311912953258
41 102 1.11827978986926
41 105 4.609001790096651
41 106 0.62258429273292
41 109 0.0279080145066691
41 116 1.677871953304079
41 118 0.05647127808260138
41 119 0.1113382574584226
41 120 0.02802555073314592
41 125 0.317328221438309
41 127 0.2894718499213377
41 130 0.02784685638626909
41 139 0.0281068945500167
41 147 0.05601710501191944
42 1 0.04861438836190088
42 10 0.1918521262775922
42 19 0.07622000898389421
42 30 1.077312792001725
42 33 0.02635841574836576
42 34 0.02787035560672362
42 36 0.05385394752276336
42 39 0.108327280921176
42 42 30.96051587735145
42 46 0.4079048483912376
42 56 0.1387006897505182
42 57 0.05145306629737613
42 64 0.2197550218305903
42 70 2.924974366443171
42 72 0.0534200675128477
42 76 0.05131703151777135
42 80 10.8757506092303
42 82 0.07601925323435926
42 86 4.223807052972266
42 87 0.1370145360569786
42 90 0.08150752934550727
42 92 0.02597250705868981
42 95 0.1828367269880316
42 103 0.2106118149768746
42 109 16.49036941467053
42 110 2.723020754622993
42 112 0.05358653676569787
42 119 5.798833246095314
42 122 0.05293226572760348
42 125 0.05611376619420697
42 127 0.05630138592039903
42 130 0.135545188895466
42 132 0.2512296042947858
42 133 0.2903735126781485
42 135 0.05694982362420957
42 138 0.1388642627936788
42 139 0.08206626228623938
42 145 0.3379119181919177
42 148 0.1916344403845746
42 149 0.05312574074455506
43 8 1.156786924290571
43 15 0.05482290082725449
43 24 0.02682214806005584
43 27 0.2415342958142776
43 33 0.1831735474138901
43 36 0.05345580524372735
43 43 1.923135922468125
43 54 0.2421103386121112
43 55 0.02684337164009494
43 67 0.05349066076302612
43 72 0.02651418345330562
43 78 5.372570618092435
43 83 0.5898010290034776
43 90 0.08089965705778233
43 95 0.4667792471528584
43 107 1.453539975171116
43 112 0.02659619245085697
43 116 0.02745927502730238
43 124 1.612468600935759
43 129 1.627551365241263
43 136 0.1073714485856558
43 137 0.1373441291486844
43 140 1.093412533968543
43 142 0.3488383282083473
43 144 0.8584124375851273
43 149 0.2109531610966602
44 8 0.2196396182585637
44 11 0.2507854828960204
44 15 0.6156875682020572
44 21 0.5253975700641617
44 30 0.02727965266571908
44 32 0.05573208848735999
44 34 0.02824192709363627
44 36 0.02727368033217076
44 44 1.391147318909942
44 54 0.05490800444306682
44 56 1.208654163490203
44 67 0.0545835682312044
44 70 0.1077148309803893
44 71 0.4701702675216252
44 80 0.1660986741221446
44 85 0.113288893481049
44 88 0.7511197961530411
44 89 0.1399532811673631
44 90 1.431151333394057
44 93 0.4184913482288291
44 95 0.02644561004861238
44 99 0.08953796650695862
44 102 0.02826424994083293
44 103 0.02665777873569457
44 105 0.02787772047666286
44 106 1.143911760249663
44 107 0.3021809090266432
44 109 0.02751991748291412
44 115 0.08362822520185909
44 116 2.186778174060403
44 120 2.238369087728223
44 125 0.2274681179637943
44 127 0.3708878607823799
44 137 0.08413668873402419
44 140 0.08163566961291957
44 142 0.08215152905179643
44 144 0.02737517795099733
44 148 0.8875135802906582
44 149 0.05380032626317985
44 150 0.362077691509849
45 21 0.2218871299350197
45 31 0.02768941907241639
45 41 0.05661316023283471
45 45 1.735526152438274
45 56 1.522499104370116
45 68 0.08395538361696332
45 73 0.2229583348942163
45 80 0.05553339900693336
45 85 0.02840970010621592
45 87 0.139230669541951
45 89 0.870360110046698
45 90 0.2484428994804997
45 106 0.6996300475808337
45 119 0.02753064019675142
45 130 0.08262819486436249
45 139 0.5281447021300598
45 141 0.02826853368904554
45 147 0.05540177376961831
45 148 0.08345615948610929
46 10 0.1649528125493846
46 30 0.1620874817755898
46 39 0.1086579359849532
46 42 0.4079048483912376
46 46 0.6546477700587445
46 56 0.1113075918163647
46 57 0.07740332646630282
46 64 0.08266300381552
46 70 0.5867483676771483
46 80 3.618144161553035
46 82 0.1270606141426069
46 86 0.1640043460241154
46 87 0.4672885075068528
46 90 0.1907665622104634
46 109 0.9265067583240253
46 110 0.6282171865006249
46 119 0.1087205329926567
46 130 0.08157556720076714
46 138 0.2507381705606653
46 148 0.02746083954528335
47 1 0.02360048293467551
47 15 0.08013583288150149
47 16 0.178501059451876
47 19 0.1970846710560044
47 29 0.02533334626953575
47 33 0.02552943681032884
47 36 0.05212485601996895
47 47 1.626449269792636
47 56 0.02682346994524347
47 57 0.2742987355869617
47 70 0.1802307107313097
47 71 0.02641230214123404
47 72 0.439605930201827
47 76 0.07461689824623717
47 78 0.02593783025261805
47 82 0.3685903459119064
47 86 0.02636526188885171
47 90 0.07886770963330761
47 92 0.0755017496595997
47 95 2.808886516563747
47 104 0.543702982961178
47 107 0.05248512226244383
47 121 0.1030231425671626
47 128 0.1498686289566638
47 145 0.377800773646453
47 148 0.02648318899652031
47 149 0.823078361581053
48 7 2.229737263032981
48 18 0.2988111442225346
48 31 0.3593914229931456
48 39 0.08241354312541174
48 48 13.56069566577001
48 56 0.05629765521930615
48 60 0.5070452989933382
48 63 0.9200215036680992
48 65 0.4363955630487873
48 68 0.02794020085968303
48 70 0.02696596950516243
48 73 0.0834758093611952
48 87 7.172830391520838
48 100 2.121916929527692
48 102 0.02830531566822158
48 105 7.509861973602566
48 118 14.55247642892964
48 119 0.0274871790868967
48 147 0.05531375606940702
49 4 0.2697565001252744
49 14 0.08092579880112043
49 27 0.5663660786016231
49 49 1.132923773494292
49 55 0.4316171570911798
49 83 0.1616492043257123
49 111 3.23705862391606
49 124 0.02700759541975237
49 136 1.807364865310393
50 8 0.08212425874024573
50 15 0.05580487629291953
50 24 0.05458399470561312
50 36 0.02719456927689777
50 50 0.1106347308041487
50 56 0.05604829867664518
50 72 0.1078928663818574
50 75 0.04183509619681795
50 90 0.05488307905688668
50 104 0.02700753381222397
50 106 0.02781748556294408
50 107 0.3560783663182014
50 142 0.2730398609425816
50 144 0.1364769984185616
50 149 0.02682323071669082
51 3 0.5931974097330222
51 6 2.583521894939061
51 17 0.2963936892056495
51 51 2.964096520562689
51 61 0.08389392946710261
51 66 4.302312448799126
51 74 0.1483235183919006
51 79 5.619496993812682
51 126 3.250749119533165
51 131 0.297121422304818
51 134 4.017427762017238
51 143 1.334711965838261
52 9 28.23750183553863
52 23 2.996911739717068
52 53 20.63510366882575
52 75 0.168967271263762
52 81 46.11284419815188
52 96 9.889642666873062
52 97 11.48183029473235
52 146 21.18863358418033
53 9 365.3198065359627
53 20 10.90851675729491
53 23 29.17605512394677
53 36 0.0532024700164588
53 52 20.63510366882575
53 53 68.99520527909664
53 75 1.855782490273477
53 81 361.5323277971962
53 96 89.91958118957703
53 97 81.85218769186977
53 114 32.48173399458909
53 146 70.76097072273946
54 4 0.1081429544854286
54 8 0.5148182986966265
54 11 0.05498998664984737
54 15 0.13806294214014
54 24 0.1350732878974628
54 27 0.5676274476425994
54 33 0.02635088672793037
54 43 0.2421103386121112
54 44 0.05490800444306682
54 54 1.842446785769518
54 55 0.5407230979599015
54 56 0.02773179230432204
54 67 0.0269368061587223
54 78 0.3482203879414589
54 83 1.242068436875324
54 88 0.7686126451052209
54 90 0.08148350092303182
54 95 0.02611213781224235
54 104 0.05347157760727024
54 106 0.02752935849696846
54 107 1.003119180378625
54 111 0.2433203027109461
54 116 0.02766110104194202
54 120 0.0545404368604764
54 124 2.760912423916114
54 125 0.1121934158055555
54 136 3.217246487135167
54 137 0.3597199949721937
54 140 0.1611534646633943
54 142 0.1621584991352157
54 144 1.026682742567
54 150 0.192377185945944
55 4 19.50461679930453
55 8 0.02703711274987103
55 14 0.02697735170037243
55 24 0.02695639467724451
55 27 2.589265058856553
55 43 0.02684337164009494
55 49 0.4316171570911798
55 54 0.5407230979599015
55 55 29.2438969075627
55 83 0.3772053262966185
55 107 0.02705263573471081
55 111 42.24627580682225
55 124 0.189064589545761
55 136 12.4635087093132
55 137 0.05521916230210724
55 144 0.1347983476320143
56 1 0.02481189073668792
56 7 0.5623470298755601
56 8 0.02773273817094738
56 10 0.1122034214925198
56 11 0.1126048928777082
56 13 0.1383951295095216
56 15 5.372143642873404
56 18 1.236708778735468
56 21 6.229344160449964
56 24 0.02764781934871853
56 26 0.8951169446134126
56 28 0.2548142965645523
56 30 2.755386357128166
56 31 2.314632838493153
56 33 0.2156236392740003
56 34 2.568234644578562
56 36 1.129457676995617
56 37 0.05925833578767886
56 39 0.5264865109441786
56 41 8.839104784368434
56 42 0.1387006897505182
56 44 1.208654163490203
56 45 1.522499104370116
56 46 0.1113075918163647
56 47 0.02682346994524347
56 48 0.05629765521930615
56 50 0.05604829867664518
56 54 0.02773179230432204
56 56 145.0074702129348
56 58 0.0275322782103484
56 60 0.9094439431388346
56 61 0.1911896112121449
56 65 0.08808243539291523
56 67 0.5237594167952928
56 68 5.552855762722293
56 69 0.05972263716422407
56 70 1.196617323682662
56 71 2.039542175755871
56 72 0.3278487257702101
56 73 12.74382377431888
56 75 0.04267681206827027
56 78 0.1918598862561308
56 80 19.40807050741459
56 84 0.1441795707831102
56 85 1.11609752798429
56 86 0.8087027392720288
56 87 29.42033034644524
56 88 1.208492259742967
56 89 8.003073994920397
56 90 29.44154860378255
56 93 0.1973039982841885
56 94 4.256789668168583
56 95 0.08010970172770251
56 99 0.1810471496888185
56 100 1.380156514803217
56 102 2.398933650537955
56 104 0.1367791373888317
56 105 6.365100493816852
56 106 7.38503737272875
56 107 1.165460792833553
56 108 0.1090013722801411
56 109 1.473347698736122
56 113 0.08203940459051988
56 116 16.31537296942076
56 117 0.08070191462066766
56 118 0.1124962784486661
56 119 5.295682213525192
56 120 2.261163930720719
56 125 6.895563074372783
56 127 12.31036243404225
56 130 2.912524521829725
56 135 0.08751016880496584
56 137 0.05667085119600241
56 138 0.6539751814846938
56 139 7.083071070641825
56 140 0.247362324266463
56 141 1.053561747570976
56 142 0.110640592125507
56 144 0.05530252903532804
56 147 0.5858739947896821
56 148 8.349443969454329
56 149 0.2173342855071884
56 150 0.1406900511847508
57 1 0.417392381830153
57 16 0.05003960890431926
57 19 0.870732983194713
57 29 0.09943720930600808
57 33 0.07514424675155398
57 36 0.02556098620032671
57 42 0.05145306629737613
57 46 0.07740332646630282
57 47 0.2742987355869617
57 57 211.9687262991866
57 67 0.02557691570114075
57 70 0.3283500525311154
57 72 0.05073078304039423
57 76 12.64706154620229
57 80 0.02592025204336769
57 82 24.02987472170775
57 86 0.1292610655978174
57 92 0.1975946155512898
57 95 21.28123127296451
57 104 0.02539567823312948
57 109 0.2319942580030333
57 113 0.05077512142353956
57 122 0.05029065701029842
57 128 14.97994657753344
57 132 0.06554632848155287
57 133 0.07525045022026858
57 145 7.712039565698611
57 149 0.3027918536899644
58 8 0.1883365135426029
58 33 0.02617068505037682
58 36 0.2940419510615796
58 56 0.0275322782103484
58 58 0.05343307585100984
58 67 0.02674852943304446
58 78 0.3458002418579381
58 95 0.02593517604018722
58 107 0.08076202720341816
58 120 0.08123213226164426
58 129 0.08005315314316257
58 140 0.02667173678515777
58 142 1.073476544388254
58 149 0.4483280706254881
59 1 0.07201458721531229
59 15 0.02723118000029934
59 21 0.0269155231750026
59 30 0.02656216750334354
59 33 0.1300164960332331
59 59 0.05273995221465531
59 67 0.02657370078351996
59 70 0.6557333272719024
59 71 0.02691983920288914
59 72 0.2107635181533898
59 78 0.02642712657356746
59 90 1.018097180198517
59 117 0.6229101237528631
59 127 0.02774600061121856
59 137 0.02728777903002953
59 148 0.08098061840800315
60 18 0.3320570748807734
60 26 1.358116990766465
60 30 0.02757330358285439
60 31 0.2232572205084457
60 34 0.3712389058147789
60 39 0.02772945771354224
60 41 0.1141363418656238
60 48 0.5070452989933382
60 56 0.9094439431388346
60 60 0.625698665674725
60 65 0.08814875547692397
60 73 0.05618054775876905
60 78 0.02742781323785517
60 80 0.6716538830158439
60 84 0.05771447621138542
60 85 0.08591675093575511
60 86 0.05581246573715606
60 87 2.301431935030686
60 90 0.05564213958334708
60 93 0.02820663005408559
60 94 0.0869378327793195
60 100 0.02818676460226996
60 102 0.02857960433370432
60 105 0.08455350840673864
60 106 0.02820750801198363
60 116 0.08503765560202396
60 119 0.08323740043968916
60 125 0.02875263829161951
60 127 0.75013134642016
60 135 0.08757562848907079
60 148 0.05607674698790065
61 6 0.2552645422362331
61 15 0.03801155400667669
61 22 0.08045371338073908
61 34 0.5003150232962513
61 37 0.1620040536762629
61 51 0.08389392946710261
61 56 0.1911896112121449
61 61 2.925312007453531
61 64 0.1131755180829553
61 66 0.167884488562384
61 68 0.03785383008567982
61 69 0.08187253870670558
61 70 0.1082626408599238
61 79 5.207287722403706
61 80 0.5243755064664649
61 84 0.1951674279803642
61 85 0.07727015902366632
61 86 0.1119404004795839
61 87 0.07520004336012512
61 90 0.2229680908476756
61 107 0.03706809368891322
61 116 0.2667251990797784
61 120 0.07473180393686105
61 123 0.286784813682219
61 126 0.1675033170575773
61 127 0.6243572461018925
61 134 1.316335433937611
61 148 0.2253003804756354
62 2 5426.355819018509
62 9 11.97847295305328
62 25 1312.482919923948
62 38 1555.69979191513
62 62 7753.668026390668
62 97 109.6997535874281
62 98 5784.804161822457
62 101 650.0487225845425
63 7 3.007642969565519
63 31 0.02762265667695328
63 48 0.9200215036680992
63 63 32.81466928113965
63 68 0.08375079708152566
63 87 1.66671711565723
63 100 0.5021408390133567
63 105 4.491007565534766
63 118 29.8049824026755
63 147 0.1105364018344125
64 10 0.02777398520816599
64 12 0.02672073746114765
64 34 0.05649902342236317
64 35 0.0266146567821628
64 42 0.2197550218305903
64 46 0.08266300381552
64 61 0.1131755180829553
64 64 0.3897263014435691
64 70 0.1346777834880854
64 80 1.882943741292157
64 84 0.02854338623533698
64 86 0.1380633485464651
64 92 0.02630143334899983
64 109 0.1101084053447709
64 110 0.2759200871465761
64 112 0.108573911690485
64 125 0.02844111017096737
64 127 0.1141501845461688
64 133 0.1069498634018184
64 138 0.140746432660196
64 145 0.02632269668366172
64 148 0.110968277073258
65 5 0.7889426228779827
65 18 4.156309243947367
65 31 0.1728814467996702
65 34 0.236054087965451
65 48 0.4363955630487873
65 56 0.08808243539291523
65 60 0.08814875547692397
65 65 18.47684102121797
65 85 1.006209021358271
65 87 0.1738996575163572
65 89 0.1753952928218578
65 127 0.1192844655417941
65 141 0.8243539606083803
66 3 2.078304738967918
66 6 7.758646783777632
66 17 0.5933948825182158
66 40 0.1484597542014015
66 51 4.302312448799126
66 61 0.167884488562384
66 66 11.58352007815666
66 74 0.2969449236281226
66 79 9.984222919598247
66 126 8.430941300014533
66 131 0.446138507146241
66 134 7.078466692570089
66 143 2.375229371497952
67 1 0.02417358006232292
67 8 0.781191940899028
67 13 0.1613219929798289
67 15 0.08234550206608048
67 21 1.817562702724491
67 24 0.02685757250973646
67 29 0.07798475352638644
67 30 0.1070755930015549
67 33 4.192218249022425
67 36 5.673778243212816
67 43 0.05349066076302612
67 44 0.0545835682312044
67 54 0.0269368061587223
67 56 0.5237594167952928
67 57 0.02557691570114075
67 58 0.02674852943304446
67 59 0.02657370078351996
67 67 44.99137894069378
67 68 0.1368307816568436
67 70 1.559420360425139
67 71 0.1899252718459062
67 72 0.4778780585974937
67 73 0.05451168006133603
67 78 4.021390356932446
67 86 0.05416507480162188
67 87 0.02723320272547226
67 88 0.08186479300615601
67 90 9.801848382776152
67 94 0.02809197389668011
67 95 0.8308898340904775
67 103 0.05233961590607242
67 104 0.07974588890011716
67 106 0.1641973517141435
67 107 2.156247269153385
67 108 2.012655542847192
67 113 0.05314612062487532
67 116 0.08248926757863238
67 117 0.05230381783695782
67 119 0.02693140234066301
67 120 6.425110512088853
67 121 0.02643982050029799
67 124 0.08073026069464473
67 125 0.02787902301558555
67 127 0.02797163286196293
67 128 0.07686293377218238
67 129 3.366244763227102
67 130 0.9968891181182317
67 139 0.353421997759611
67 140 3.25784090250304
67 141 0.02763710984753906
67 142 0.913551900050615
67 144 0.05372161419457332
67 145 0.051681001692365
67 148 0.4625187215455515
