%%MatrixMarket matrix coordinate real general
%
150 150 3910
1 1 1365.008555583876
1 15 0.9031055945348047
1 17 2.629024617048999
1 20 6.12328468920605
1 21 0.3583255230168056
1 23 0.5526009917523772
1 24 2.285111379855655
1 25 0.351035120705947
1 27 2.826248625706745
1 28 0.5269314255108142
1 30 3.00635081297578
1 31 1.938966743473505
1 33 7.87486496703831
1 38 7.655772447852554
1 39 6.556287975128255
1 41 19.52581207289943
1 43 16.64869132887259
1 44 13.80545086758098
1 45 45.71610180514451
1 46 0.3483416600833708
1 50 7.248752576925335
1 52 8.825967213807475
1 53 0.2078461722709155
1 55 0.3511016490141711
1 57 1.094221734197629
1 58 14.35519246362728
1 59 36.05439441040267
1 61 0.1802993117528636
1 62 21.25567203569531
1 64 7.492031074697839
1 65 1.23290410762817
1 67 16.06767101298693
1 68 59.08610100877949
1 72 107.0856900864791
1 75 96.5366704027212
1 77 12.69617793868697
1 78 21.30219897752858
1 79 1.511643709840786
1 80 91.64448426886028
1 82 2.372255558703558
1 84 146.7014430151484
1 85 21.40766240368072
1 92 6.831484091473257
1 93 32.59540774489715
1 94 1.430115348983295
1 96 4.116937343234349
1 97 54.93055190717497
1 98 5.556793139128192
1 99 76.91700608838396
1 100 16.09287189700684
1 102 2.456294426733917
1 103 12.08788482877405
1 105 0.3640053740337743
1 108 3.394409152038219
1 109 0.3616691022838269
1 110 1.406622652169361
1 112 12.00533176058754
1 113 0.8688570174117221
1 115 53.95935364150345
1 116 73.64961290055312
1 118 162.4471419380137
1 119 29.53252611355052
1 122 1.107670471418527
1 123 1.228017529935875
1 128 0.5378094949428631
1 131 1.604208728748918
1 132 9.528908127308176
1 134 224.0055910852146
1 135 154.9883633431043
1 140 0.7272474792983539
1 142 473.0716845456965
1 143 1.052416251629763
1 144 0.1754863940831152
1 145 0.1866338104701367
1 146 0.1885940869780602
1 147 356.447352039947
1 149 13.6869662292985
1 150 8.777391700476057
2 2 8.258044704202659
2 7 0.01264540870604431
2 19 0.1488424284451833
2 22 0.009404837179023479
2 24 0.009178820835419439
2 36 0.2175670907499276
2 56 0.02814554594866398
2 69 3.239243791286075
2 70 4.108384300184894
2 80 0.009182836037153426
2 87 0.1308090401904413
2 89 1.124074349229273
2 103 0.009163289158536364
2 114 0.09362122339331116
2 117 0.1600080215624189
2 126 0.1081750576902505
2 137 0.005314731414173467
2 141 0.2017708372601313
3 3 63738.8957225593
3 29 111.5552671009501
3 34 4.552640059849653
3 63 19.29022379964453
3 90 14760.27418615046
3 127 15.5958788200611
3 133 5920.858050451193
4 4 421.4304973206631
4 16 0.7317399638948693
4 18 0.5858534091480955
4 26 5.342032798866203
4 40 2.30835333782903
4 48 9.766479180712519
4 54 87.68834374679824
4 76 60.06152658666549
4 81 69.9990401897051
4 91 1.773630243757669
4 95 4.158521901310335
4 104 99.20988638209157
4 120 27.58663540613554
4 136 62.09639399341407
4 139 6.125273391602475
4 148 0.2752147378526901
5 5 658.6655751462271
5 37 16.4675613670299
5 57 0.574593694090789
5 73 77.66696329465503
5 79 0.1988089260805113
5 86 59.52571847177048
5 94 0.1875591351674297
5 124 55.05409887509542
5 145 6.083438744949317
5 146 1.19045114601608
6 6 0.6943578163698345
6 42 0.5208274836910791
6 46 0.1723733159300931
6 92 0.1733482188264971
6 123 13.02057561349893
7 2 0.01264540870604431
7 22 0.01890834727964281
7 36 0.01270386637946098
7 65 0.01793716381262842
7 69 0.07575828137261625
7 70 0.006309344110813917
7 80 0.01821400610133875
7 89 0.02521715723201084
7 101 0.003633920091089466
7 103 0.1632362051417896
7 114 0.006264507569972164
7 117 0.05678496502267834
7 118 0.1092286432279729
7 126 0.06934742680559344
7 134 0.01822986261788421
8 40 1.968789362382038
8 48 1.729747187391988
8 54 0.2933940325208425
8 91 0.2879592419235771
8 95 1.157275384834684
8 104 2.055189311265278
8 107 4.521762247064312
8 139 0.5684684820920453
9 9 3.535398635204626
9 23 0.4645209047734106
9 33 0.2240125570145655
9 51 1.555796493836653
9 64 1.083176348218272
9 66 0.7048104228843408
9 71 0.4715429787265234
9 106 1.048248613592357
9 111 8.065656358068194
9 121 5.787270866034702
9 122 0.465830331807625
9 127 2.774097209353759
9 129 0.6990472915667768
9 132 0.2252931413323071
10 10 14.10950052102319
10 16 0.2189430659433758
10 39 3.127189313582602
10 40 4.322113464795975
10 44 6.120250727699543
10 53 0.7286892072431452
10 54 0.2641198426538582
10 60 0.9720618602562738
10 74 1.39853043764154
10 83 2.26186764894696
10 88 7.528409388965814
10 97 0.4041041903341638
10 107 0.2553482559747576
10 118 0.8039761557542904
10 138 0.7255776809358744
10 139 0.2566731983290159
10 148 13.41097723586245
11 17 0.1735420939544824
11 28 0.1739100713122931
11 42 0.1737038239236611
11 46 0.1724659801746119
11 55 0.6952739328959981
11 62 4.174379013764608
11 84 1.565599850390519
11 92 1.560975389036893
11 102 4.516709938023939
11 123 0.1737015310981332
11 144 0.3475113773329176
11 147 0.1743674923185941
12 12 77.29371627112894
12 32 0.1920726071747304
12 45 0.573338220496209
12 57 36.04777490095598
12 61 0.3829355871258507
12 77 43.84380261155936
12 98 1.712578200457065
12 119 0.1899864940815193
12 134 0.7590009350111884
13 13 3.946240004461955
13 37 0.1969753901251232
13 45 2.087449742598127
13 66 0.3926667426168806
13 71 1.575324688250664
13 73 0.3931264433832458
13 79 3.595813231514392
13 86 0.9804483047103927
13 106 1.07461591840932
13 119 0.1886575571259218
13 132 0.1895527513734906
13 142 0.1897989530934531
13 145 20.9004780935356
13 146 2.3923665490029
13 149 0.5696593302548374
14 40 1.85449613271456
14 44 1.746835053051231
14 82 0.4322368620683955
14 88 1.262919346780302
14 104 0.275851430014716
14 107 3.725814098330416
14 139 2.140556099440689
14 148 1.775538930000265
15 1 0.9031055945348047
15 15 3.313748013668206
15 33 1.459090928830268
15 38 0.3628352907473154
15 45 2.568103977058381
15 61 0.735051111361677
15 64 4.969038971364206
15 66 3.601707090422746
15 75 2.74820194816727
15 80 0.3612174009610802
15 82 0.1860302590319508
15 84 0.5369327966407252
15 96 0.1746714934244639
15 98 1.278719647585745
15 103 0.346673368496312
15 105 0.1855330636208889
15 106 0.4136737658451003
15 109 0.9215960508381207
15 111 1.477318223217986
15 116 5.113280455388957
15 118 0.359388898719805
15 122 0.5647347722835827
15 129 1.883103541254634
15 134 2.186161153482523
15 135 0.5389041412535635
15 142 0.1834647766747217
15 149 0.1835474799177201
16 4 0.7317399638948693
16 10 0.2189430659433758
16 16 49.97591094005452
16 18 0.4766033203825241
16 24 0.1883353517156334
16 30 0.1895602388157552
16 40 2.353931407716796
16 43 0.5761795332723942
16 44 15.23751609762889
16 45 1.35221094600111
16 53 2.933254842868199
16 54 0.7315083222290457
16 60 2.031639601711069
16 61 5.031920189851277
16 75 28.3601207097649
16 76 1.702146248930185
16 77 0.191831545930347
16 81 0.7452587357776197
16 82 20.193321468019
16 83 0.2328852035849253
16 88 3.609549016728743
16 94 0.1917681536843519
16 98 0.1923285976409302
16 104 0.2439774341089157
16 105 0.390999019609774
16 109 1.164912235833926
16 112 4.614023040639557
16 113 4.97109630600712
16 116 1.34585486111696
16 118 0.3780564605121833
16 119 2.688304809518732
16 120 1.457199124417168
16 125 0.8817892111426195
16 129 0.198586123660885
16 130 1.502177076086102
16 135 0.1889619159053771
16 138 0.2247402841567593
16 139 0.4749523053905968
16 140 3.124474505246061
16 142 0.1932045511491801
16 148 9.737168576347109
17 1 2.629024617048999
17 11 0.1735420939544824
17 17 238.4716583171088
17 25 0.3471029260659992
17 28 0.5210249396047817
17 31 0.8714337050920509
17 41 4.174401251476035
17 46 2.583518781895147
17 52 2.518365209518326
17 58 3.289041702364216
17 59 0.1747439128140182
17 62 10.24813756555108
17 80 0.1752568933745618
17 84 21.36760947875403
17 92 29.79177206791527
17 97 1.401533480804724
17 100 60.88533039169391
17 102 53.60685866909474
17 110 8.518884402291722
17 118 1.220771396148139
17 123 2.081601359821705
17 134 0.3534720767070904
17 135 2.963768582638185
17 142 0.1779445744418518
17 143 35.90186398930743
17 147 25.42313157058237
18 4 0.5858534091480955
18 16 0.4766033203825241
18 24 0.2162770463542339
18 40 1.403617069014109
18 44 0.2289726075579224
18 48 0.5754641815357868
18 54 0.5856306557312903
18 60 1.869691909552593
18 74 0.2551550960778862
18 81 1.796699542900114
18 83 1.662979554786489
18 104 1.465092433561019
18 107 0.2820721871905078
18 120 2.622757253220331
18 139 0.2836898477347912
18 148 1.072361021853742
19 2 0.1488424284451833
19 19 0.1836310090572821
19 22 0.01392166687893001
19 36 0.06067269205989279
19 56 0.02777604845546243
19 69 0.2090778029285606
19 70 0.3297295714157204
19 87 0.1798162315077519
19 89 0.1113921358167687
19 101 0.02409530938459477
19 114 0.2633251314739424
19 117 0.02786487440986389
19 126 0.05105497654957009
19 141 0.3611968862289189
20 1 6.12328468920605
20 20 69.17805304308445
20 30 3.233757715462571
20 32 0.9188663781780723
20 33 1.272963076104499
20 37 4.9290792924806
20 43 0.9094861406001183
20 45 21.39873046306974
20 50 9.760992316068107
20 57 4.633981392098613
20 58 0.1778155977258701
20 68 0.1797154608168709
20 71 0.3790500810752704
20 72 13.7816632488128
20 73 0.1891990913210303
20 75 0.7306943115301711
20 77 22.71152052087034
20 78 0.1970299595584627
20 79 20.17740002499198
20 80 0.3601687429931323
20 84 0.1784625582178091
20 86 4.907777718020305
20 93 0.1799677475051178
20 94 1.271446706196313
20 96 0.1741807506997017
20 99 18.99410990696137
20 108 10.70969640042857
20 115 1.622949549976357
20 116 0.3641618317445972
20 118 0.3583508170178485
20 119 7.638244173461469
20 132 1.096167975339795
20 134 5.994339665884192
20 142 113.2295914662436
20 145 1.707884872203213
20 146 0.5753749306675496
20 147 1.788958985056281
20 149 27.45084293291111
20 150 19.11139374323489
21 1 0.3583255230168056
21 45 1.273525094542012
21 72 0.9019552737110382
21 75 0.1817130938940019
21 77 0.1807417107505127
21 80 0.1791506596346918
21 118 0.1782510787730022
21 134 0.1806966017974694
21 142 0.5458805990467049
21 149 0.7281656718437228
22 2 0.009404837179023479
22 7 0.01890834727964281
22 19 0.01392166687893001
22 22 2.064223133418233
22 36 0.1132458559429041
22 47 0.001844379324650898
22 65 0.009070676771177266
22 69 0.1831893314713494
22 70 0.009390020903268815
22 87 0.3402442486479265
22 89 0.656911144432484
22 101 0.006066485746206589
22 114 0.331580566848357
22 117 0.267620016455562
22 126 0.4316865914429274
22 141 0.2153434051391174
23 1 0.5526009917523772
23 9 0.4645209047734106
23 23 9.201116936828276
23 45 3.368319920361887
23 51 0.2424202751306804
23 64 0.1809196282921908
23 75 1.495177344218988
23 82 4.935553577870525
23 98 0.1863361535620327
23 105 5.300717738739954
23 111 1.727591164500187
23 116 10.05893832743063
23 121 1.632240156377758
23 129 15.76074604275512
23 132 9.34595379454418
23 142 1.871584859918584
24 1 2.285111379855655
24 2 0.009178820835419439
24 16 0.1883353517156334
24 18 0.2162770463542339
24 24 32.76969236304908
24 36 0.009240544101633077
24 38 0.52959712478565
24 39 0.1805406049875562
24 40 0.2138790207637093
24 44 2.736904060938829
24 62 0.3483951800279842
24 67 1.575750494256253
24 69 0.02747631299714012
24 75 10.33746119298601
24 80 0.1757662388574983
24 83 0.4236130683236901
24 84 0.1742208445089791
24 96 0.6805501646932463
24 97 0.8785047302764293
24 103 7.76808986271736
24 112 0.1776557932546981
24 113 2.149725617526098
24 115 0.1759980699666657
24 116 1.243674954824858
24 118 18.88922597807765
24 128 0.533220449319689
24 134 0.886271717053738
24 147 0.1746338471664854
25 1 0.351035120705947
25 17 0.3471029260659992
25 25 7.647019122926542
25 52 1.344957282688875
25 62 5.218263820533105
25 68 0.1751555353025133
25 84 1.04379160058152
25 92 9.192921729013463
25 100 20.61227051032184
25 118 0.174642598231086
25 135 25.66413543322121
25 147 1.918146596784612
26 4 5.342032798866203
26 26 47.34438898328087
26 40 0.8527814217994557
26 48 24.19023229898388
26 54 1.779993780368956
26 76 4.730720510112373
26 81 1.517390221435759
26 91 47.7420025703576
26 95 9.652476361600286
26 104 11.57808197649755
26 107 0.571288364890547
26 120 1.180924025830026
26 136 18.31199525079183
26 139 18.67468415593222
27 1 2.826248625706745
27 28 0.7000874299252424
27 38 0.1774024388830549
27 41 0.5258533267529786
27 44 0.1833899875187197
27 45 0.1793318705437339
27 55 0.3498598157766724
27 59 0.3522158218896506
27 62 0.5251340586989971
27 64 0.1736215485405579
27 67 0.1759394591899575
27 75 0.3582384799263832
27 80 2.119545252237362
27 84 3.676434567675192
27 92 0.174547852573275
27 96 0.5128372010488085
27 97 0.1765625496928858
27 102 0.3496587240297774
27 103 0.1696676327149156
27 115 0.3537261953355615
27 116 0.5356464801386051
27 118 0.8787717162685547
27 134 1.246919204091864
27 147 0.1754852830610018
28 1 0.5269314255108142
28 11 0.1739100713122931
28 17 0.5210249396047817
28 27 0.7000874299252424
28 28 3.828957003105646
28 41 0.1743030080811661
28 42 0.5215095410170206
28 46 0.1725970963615252
28 52 0.1682352750588195
28 55 1.043714546757265
28 62 9.225492012783016
28 67 0.1749506082029886
28 75 0.1780942661434879
28 80 0.7025278566667593
28 84 25.41701569306867
28 92 6.769408991522157
28 97 0.3511334905846072
28 100 0.6933396639045892
28 102 3.303203391874575
28 103 0.1687478416342185
28 115 0.1758636644604313
28 118 1.223372681824352
28 123 3.47669231932984
28 135 1.397687164894007
28 147 0.1745015165793051
29 3 111.5552671009501
29 29 7.581621552969543
29 34 5.352588092596767
29 63 33.78278231774522
29 90 36.41710911236858
29 127 46.6048278299705
29 133 43.01844107643394
30 1 3.00635081297578
30 16 0.1895602388157552
30 20 3.233757715462571
30 30 20.1115224112091
30 39 0.3633316090803153
30 43 1.785801890486553
30 44 0.7344375893920438
30 45 6.283968617204556
30 57 1.091494227599846
30 61 0.1798550514314119
30 68 0.1764768146520522
30 72 1.602365933361626
30 75 5.559190136814828
30 77 2.497354642449961
30 78 1.545147816123826
30 79 4.146281806625366
30 82 3.640520077967675
30 84 0.1752685107549443
30 85 1.779623308148567
30 94 8.738055597538308
30 97 0.1767662472472013
30 99 4.262765432156404
30 108 7.841543037756577
30 112 5.71985199965812
30 113 0.216570700493139
30 116 1.787572680555929
30 118 0.5278683837996426
30 119 22.6754906775686
30 132 0.5380467405986519
30 134 2.318400264282668
30 135 0.1758986253930048
30 140 3.808570261287767
30 142 84.03837614698185
30 147 0.5270596846839805
30 149 0.7185926017426433
31 1 1.938966743473505
31 17 0.8714337050920509
31 31 117.7860618827703
31 41 0.3498387090506716
31 43 0.1779942338279698
31 58 1.044504640010989
31 62 0.1746806370395307
31 68 10.02655495046617
31 72 2.129500821320832
31 84 0.1747040089416675
31 93 1.233023199844302
31 97 0.1761920723144614
31 99 6.550320455304539
31 100 4.522565923221284
31 110 2.622598577089966
31 134 0.1777542380874661
31 135 0.5259906006584212
31 142 0.1789767375078616
31 147 128.7127004777495
31 150 1.068631772746061
32 12 0.1920726071747304
32 20 0.9188663781780723
32 32 2.583590158217639
32 43 0.1826508604699365
32 45 5.509706059060485
32 57 1.861416084825357
32 71 1.522744634537961
32 72 0.1820866538545769
32 73 0.9500688987112208
32 75 0.1834339324758626
32 77 3.101544915001403
32 86 4.170586660474
32 98 0.1828936519834889
32 106 0.2071182111006368
32 119 0.3652321620954451
32 124 1.706665837626329
32 134 0.5471937788971357
32 142 1.102112010772895
32 145 0.3811700696465191
32 146 0.5778887749061971
32 149 9.372177332541298
33 1 7.87486496703831
33 9 0.2240125570145655
33 15 1.459090928830268
33 20 1.272963076104499
33 33 146.0116207648134
33 43 0.3615044758580606
33 45 25.44328135281976
33 50 7.319839620639574
33 58 1.060328353785078
33 61 0.1820583723287245
33 64 3.517511284536568
33 72 6.487191709517401
33 75 0.9075959609046695
33 80 4.295091737794135
33 84 0.1773602352889418
33 99 0.1797638594922374
33 103 0.1718195235732473
33 115 35.12369907823373
33 116 13.38909922750555
33 119 0.3614368525034793
33 121 0.2607924072476646
33 129 0.1865208630683138
33 132 14.88626681538031
33 134 6.317668987766275
33 142 20.53951023654727
33 146 0.1905195878670402
33 147 0.1777882745475291
33 149 22.18530778355991
33 150 11.93721158650508
34 3 4.552640059849653
34 29 5.352588092596767
34 34 8.272921322826017
34 35 1.584412298395599
34 63 37.62906643755845
34 90 3.034621834627229
34 121 10.31546088004866
34 127 11.58807626366621
34 133 4.535934890282381
35 34 1.584412298395599
35 35 1.28404466432041
35 63 4.896260041475918
35 66 0.2995739486264122
35 106 1.380477215237796
35 121 2.166421647135891
35 127 8.035084031694076
35 146 0.6133679877313948
35 149 0.2848181197135643
36 2 0.2175670907499276
36 7 0.01270386637946098
36 19 0.06067269205989279
36 22 0.1132458559429041
36 24 0.009240544101633077
36 36 1.40483192817738
36 56 0.009413972043272122
36 69 1.313380379334392
36 70 0.2030556694664916
36 87 0.3937657219148769
36 89 0.7362252601992435
36 96 0.01845712282585424
36 101 0.02740135662998014
36 103 0.04612354375444992
36 114 0.1550030476621315
36 117 0.1038903807466718
36 118 0.009242207230056603
36 126 0.9391637982764188
36 141 0.2730885515271156
37 5 16.4675613670299
37 13 0.1969753901251232
37 20 4.9290792924806
37 37 60.95791990840124
37 57 3.265722743094949
37 71 1.179475341595829
37 72 0.1877854825376463
37 73 25.31345874197973
37 79 46.06641179765941
37 86 43.65384633414533
37 94 0.3762087967864334
37 99 0.3746239056744033
37 124 1.762366900156468
37 132 0.3784818711748593
37 142 1.136916972632708
37 145 21.84894619164681
37 146 0.9950974631915206
37 149 0.1895747645426624
38 1 7.655772447852554
38 15 0.3628352907473154
38 24 0.52959712478565
38 27 0.1774024388830549
38 38 8.940767672556323
38 43 0.8990043251902526
38 45 1.265430561730309
38 59 4.082500578457161
38 61 1.086557836244329
38 65 0.3093850712300136
38 75 17.87539998087769
38 77 0.7184009376781793
38 80 6.587085919608485
38 82 0.3665888198569283
38 92 0.3518308714718767
38 93 0.7116602151525877
38 96 0.1722574776466875
38 98 0.1800361062274438
38 103 3.590151096248581
38 109 0.3632662432663097
38 113 0.21836850375786
38 115 0.1782672238313913
38 116 1.619822732899843
38 118 6.554215292405041
38 119 1.25837109081124
38 128 0.3601074358586052
38 134 21.18759680527851
38 135 0.5312481861879508
38 142 2.712051283567527
38 147 0.7074697537365594
39 1 6.556287975128255
39 10 3.127189313582602
39 24 0.1805406049875562
39 30 0.3633316090803153
39 39 3.370260513996985
39 40 0.2233412895121734
39 41 0.3613560264866224
39 44 2.082324792967375
39 57 0.1875024180169839
39 60 0.8585232055179191
39 62 1.262963045519292
39 74 1.034253075902674
39 75 0.5542649846661813
39 78 0.1994532197213718
39 83 1.105411528745891
39 84 1.082690374416787
39 85 2.38296635814278
39 92 0.1798955001032163
39 94 0.3673852807213962
39 97 3.822763524983285
39 100 0.3592767312535623
39 105 0.1871137950011799
39 108 0.1835751769814042
39 112 0.184135819382329
39 113 0.2245348785394649
39 115 0.182355565635402
39 116 0.5524457826935814
39 118 4.891786283899511
39 130 0.6136055330141926
39 134 0.3674083746887203
39 135 7.787999460744165
39 142 0.1850103149926842
39 147 1.085348719108788
39 148 1.076355469062795
40 4 2.30835333782903
40 8 1.968789362382038
40 10 4.322113464795975
40 14 1.85449613271456
40 16 2.353931407716796
40 18 1.403617069014109
40 24 0.2138790207637093
40 26 0.8527814217994557
40 39 0.2233412895121734
40 40 84.66896628881136
40 44 2.715436767962667
40 48 9.355585126076724
40 49 0.263183031547979
40 53 3.949660942415836
40 54 17.01773027228451
40 60 6.322814685140118
40 74 0.7554717187313004
40 76 4.312429866143126
40 81 2.653850670403932
40 83 50.00234907778668
40 88 10.53034366259051
40 91 3.681362374932563
40 95 0.2844963732070767
40 104 15.58620113712131
40 107 56.99140571691932
40 113 0.278530483296614
40 120 14.06692454889379
40 125 0.7688245365937788
40 130 0.2484018836805132
40 136 0.5743952611883253
40 138 2.620925547578054
40 139 38.30220960115549
40 148 35.96048719665207
41 1 19.52581207289943
41 17 4.174401251476035
41 27 0.5258533267529786
41 28 0.1743030080811661
41 31 0.3498387090506716
41 39 0.3613560264866224
41 41 188.5284837744173
41 45 1.607193781760603
41 46 0.3457047275038418
41 52 0.8423891825200811
41 55 0.3484229267888121
41 58 0.3474626341988454
41 59 11.92583217796397
41 62 41.48950234905879
41 67 0.1752129388144016
41 68 0.1755445047222859
41 72 0.7083665364726527
41 75 0.8918305414640616
41 78 1.536220656250296
41 80 3.69382841932498
41 84 47.24854222162892
41 92 3.476654606431669
41 93 2.812564182859397
41 96 2.213379618968767
41 97 0.1758308848277657
41 98 0.3557102567690702
41 99 0.353341972331928
41 100 55.20250273875653
41 102 2.959900437332866
41 110 22.68295802550295
41 112 0.1777889390822163
41 115 0.3522574399036333
41 118 4.900821503917505
41 119 0.5327789096661624
41 134 1.951252879077768
41 135 14.34773927922632
41 142 2.857665363774301
41 143 1.218457508936386
41 144 0.1741480110013261
41 147 86.15791155083009
42 6 0.5208274836910791
42 11 0.1737038239236611
42 28 0.5215095410170206
42 42 33.6843677458254
42 46 0.5171803382414996
42 55 0.5212363937702241
42 62 1.217015175097134
42 84 2.086590321018832
42 92 1.040215842395497
42 102 2.43105259496612
42 118 0.1745592240519058
42 123 110.9486029922685
43 1 16.64869132887259
43 16 0.5761795332723942
43 20 0.9094861406001183
43 30 1.785801890486553
43 31 0.1779942338279698
43 32 0.1826508604699365
43 33 0.3615044758580606
43 38 0.8990043251902526
43 43 16.63334237385872
43 45 1.636047379566969
43 57 0.1842170894097188
43 59 1.070825496624486
43 61 0.5463115262036041
43 68 2.143697159706706
43 71 0.7533250576176188
43 72 3.424644885077301
43 75 3.812848495528955
43 77 19.86540074138432
43 79 0.1909384550849157
43 80 1.074036119667082
43 82 0.7373191729348751
43 85 0.1801639432047585
43 93 3.398925777329499
43 94 0.361076715486429
43 97 0.1789381400447606
43 98 0.724138940625911
43 99 6.652908659583406
43 103 0.171860157449131
43 108 4.330193043898858
43 112 9.410251313997552
43 115 0.1792466271336884
43 116 0.7239138105631612
43 118 0.8905403718401782
43 119 23.49922370537844
43 129 0.1865687486573984
43 132 0.1815850664204687
43 134 38.81815426340362
43 135 0.5341473373433688
43 142 57.81587139724413
43 145 0.1885682096516337
43 146 0.3811391133613196
43 147 2.667476933737133
43 149 0.5456761475834603
44 1 13.80545086758098
44 10 6.120250727699543
44 14 1.746835053051231
44 16 15.23751609762889
44 18 0.2289726075579224
44 24 2.736904060938829
44 27 0.1833899875187197
44 30 0.7344375893920438
44 39 2.082324792967375
44 40 2.715436767962667
44 44 42.87670147801185
44 45 2.243966576685506
44 49 0.2171675819384192
44 53 1.520781210535391
44 59 0.7339760926408448
44 60 0.8693983069158855
44 61 0.1873368636500218
44 62 0.5470217783575104
44 64 0.3615931211433619
44 67 0.7332456868193235
44 68 0.183674578603032
44 72 0.1853694189742819
44 74 3.559362333521359
44 75 40.90172077812768
44 78 1.210792098940849
44 80 0.5521799248877892
44 81 0.238299153225243
44 82 11.19191362638433
44 83 1.119839288551763
44 84 1.458926744629887
44 85 2.779264534309553
44 88 2.389409668590926
44 92 0.727204268445564
44 93 0.1839381116228314
44 94 0.3713607142108691
44 97 4.047735518400276
44 98 0.1862058441581911
44 100 0.1815389264455579
44 103 0.5295393797917446
44 105 1.135058794255481
44 107 0.2271624985340025
44 109 1.5033205688409
44 112 1.675198085478018
44 113 1.820086582632277
44 115 0.5529427792972436
44 116 17.8700365282012
44 118 21.24082051646346
44 119 2.602855909786268
44 125 0.8497628551995782
44 128 0.3724494254294828
44 129 0.1920652301417873
44 132 0.1867877286089087
44 134 2.042614119087089
44 135 2.928773964665369
44 138 0.4328489656929642
44 139 0.912841564561775
44 140 1.322794390484507
44 142 4.301613609240769
44 147 1.096911090470999
44 148 8.502229362989231
45 1 45.71610180514451
45 12 0.573338220496209
45 13 2.087449742598127
45 15 2.568103977058381
45 16 1.35221094600111
45 20 21.39873046306974
45 21 1.273525094542012
45 23 3.368319920361887
45 27 0.1793318705437339
45 30 6.283968617204556
45 32 5.509706059060485
45 33 25.44328135281976
45 38 1.265430561730309
45 41 1.607193781760603
45 43 1.636047379566969
45 44 2.243966576685506
45 45 675.9194574251306
45 50 6.993996437187538
45 57 9.076785934521485
45 58 0.1777064774709028
45 59 1.256021569470403
45 61 13.54970907989162
45 62 0.1783282844784112
45 64 3.890727976051021
45 66 0.1888636607831455
45 71 10.03826454626521
45 72 23.01547222547314
45 75 48.56060804055868
45 77 82.79966095155898
45 78 1.772063890560054
45 79 32.26242685480678
45 80 10.43840083590225
45 82 23.54008884159038
45 84 3.567051030173954
45 85 0.3622856373075313
45 86 0.943188283192104
45 93 0.8992798898692971
45 94 7.986941292711345
45 97 0.1799037867285078
45 98 12.37760178276396
45 99 1.807833866128062
45 103 1.900257228007149
45 105 2.58806124360314
45 106 1.236018180419191
45 108 6.167828010384711
45 109 2.571188107888602
45 112 0.7278152759314859
45 115 20.18415277290837
45 116 74.06040229911613
45 118 2.685971085908246
45 119 74.51701760467061
45 121 0.2629437625292458
45 129 9.756182269437595
45 131 0.9049316646587726
45 132 39.25461470347095
45 134 114.9102182704387
45 135 0.7160193526237674
45 140 0.9233247758021301
45 142 202.0027840395252
45 145 4.361735862210956
45 146 6.133290217497513
45 147 6.43627541389435
45 149 318.4116098885055
45 150 2.910382786084655
46 1 0.3483416600833708
46 6 0.1723733159300931
46 11 0.1724659801746119
46 17 2.583518781895147
46 28 0.1725970963615252
46 41 0.3457047275038418
46 42 0.5171803382414996
46 46 1.36939333817363
46 52 2.837021809180465
46 55 0.1725073860919617
46 58 2.064440272658882
46 62 1.208333824256411
46 67 0.5204669294798216
46 75 0.1765801532532311
46 84 8.804744704287275
46 92 2.926312359775844
46 100 0.8595016208288492
46 110 1.036649913750199
46 118 0.3466183000716844
46 123 3.275442217109513
46 135 0.5197598890754497
46 143 2.413099760605149
46 147 2.076570887655095
47 22 0.001844379324650898
47 89 0.001844503776561351
47 101 0.004554339049711583
47 114 0.001841082995633489
47 117 0.001844946208183311
47 126 0.001844507430989997
48 4 9.766479180712519
48 8 1.729747187391988
48 18 0.5754641815357868
48 26 24.19023229898388
48 40 9.355585126076724
48 48 103.4722432674015
48 53 0.2694672381742724
48 54 5.620961300302805
48 76 8.84551467961378
48 81 2.420915765731069
48 83 0.8396183067923521
48 91 38.61194672986188
48 95 85.7589709160836
48 104 25.75615547793003
48 107 32.76106420085717
48 120 7.360348775541692
48 136 11.78148370826263
48 139 39.54100702631693
49 40 0.263183031547979
49 44 0.2171675819384192
49 53 0.251044566756165
49 60 0.7535017621552165
49 83 0.2600517792731588
49 113 0.5296726140899946
49 125 0.2446400751527847
49 130 0.2374565266672117
49 148 0.7561312780071111
50 1 7.248752576925335
50 20 9.760992316068107
50 33 7.319839620639574
50 45 6.993996437187538
50 50 51.89612614899535
50 58 0.1789094460812258
50 64 1.068255183127735
50 71 0.1907684312250741
50 72 3.284558269524917
50 75 0.5514849526553612
50 77 0.1828344412887095
50 78 17.25853107127731
50 79 7.157418302708903
50 80 0.181206498567293
50 82 0.1866641310223114
50 84 0.8978217447598108
50 93 0.1810883180876497
50 99 0.5460852775963967
50 115 8.165379316209501
50 116 3.114880343267052
50 118 0.3605722249174592
50 132 4.963941872809553
50 134 2.01066995079315
50 135 0.3604515227224138
50 142 120.5732028715611
50 147 1.62002808031371
50 149 6.261593673024003
50 150 5.861105549790356
51 9 1.555796493836653
51 23 0.2424202751306804
51 51 1.318671660221004
51 66 0.2453399975495802
51 71 0.2462480428835449
51 106 0.8252140753418518
51 111 3.390768254751726
51 116 0.2338270439980395
51 121 7.739239404607024
51 127 2.017738100106083
51 129 0.7297357276407456
51 132 0.2348401750131138
51 146 1.000359993413377
52 1 8.825967213807475
52 17 2.518365209518326
52 25 1.344957282688875
52 28 0.1682352750588195
52 41 0.8423891825200811
52 46 2.837021809180465
52 52 30.60682615978712
52 55 0.3363000069010015
52 58 3.85716583151879
52 59 0.169238223953394
52 62 1.850820108466411
52 67 0.5072489375844371
52 68 2.032701706457575
52 72 0.34166393485876
52 75 0.5160527301718761
52 77 0.1711466160250995
52 78 0.184689212846743
52 80 0.678875742909734
52 84 16.82780040262719
52 92 13.7593769625179
52 93 0.3392312735359962
52 97 1.526922671921162
52 99 0.340880459470908
52 100 22.45484745211596
52 102 0.1680570987810394
52 108 0.3419881679259921
52 112 0.1714804697783698
52 115 1.189548897792585
52 118 0.6756453068274384
52 123 0.8401994077675632
52 134 0.3422122388659038
52 135 7.598647472055707
52 142 1.722386280914048
52 143 0.5040431592310201
52 147 43.85245852198473
52 150 0.1714314545704806
53 1 0.2078461722709155
53 10 0.7286892072431452
53 16 2.933254842868199
53 40 3.949660942415836
53 44 1.520781210535391
53 48 0.2694672381742724
53 49 0.251044566756165
53 53 2.009284876551847
53 54 0.2739206392410554
53 60 0.7538646117128009
53 74 0.4813768116555356
53 75 1.05643405539775
53 82 0.8601626683199222
53 83 2.601765964562222
53 88 1.757793503908201
53 104 0.2740985304367989
53 105 0.2143769036730696
53 107 12.16688315244163
53 109 0.2127579097173128
53 112 0.4209540504849152
53 113 1.324860314363396
53 125 2.202747339709487
53 130 0.4751194178479802
53 138 0.2500522889250988
53 139 3.722869921171222
53 148 4.791142487019546
54 4 87.68834374679824
54 8 0.2933940325208425
54 10 0.2641198426538582
54 16 0.7315083222290457
54 18 0.5856306557312903
54 26 1.779993780368956
54 40 17.01773027228451
54 48 5.620961300302805
54 53 0.2739206392410554
54 54 66.8700962555708
54 60 0.8222172038468277
54 76 48.63089706285997
54 81 35.13962664884584
54 83 7.97101738084758
54 88 1.643186858710924
54 91 1.477457300772146
54 95 11.87691036898952
54 104 83.49660050292655
54 107 2.608751725401723
54 120 31.47250318554993
54 136 8.696109681727714
54 139 5.248248455102866
54 148 3.30140011937032
55 1 0.3511016490141711
55 11 0.6952739328959981
55 27 0.3498598157766724
55 28 1.043714546757265
55 41 0.3484229267888121
55 42 0.5212363937702241
55 46 0.1725073860919617
55 52 0.3363000069010015
55 55 4.172669347286828
55 62 10.61246061732347
55 80 0.1755392942176834
55 84 13.04984086985525
55 92 2.081807626249195
55 100 1.212712708597392
55 102 7.819278769863126
55 123 9.729641685161369
55 135 0.3492376301938923
55 147 1.918509430436599
56 2 0.02814554594866398
56 19 0.02777604845546243
56 36 0.009413972043272122
56 69 0.06559951474668488
56 70 0.004683578659519559
56 87 0.06044446224538085
56 89 0.004680793446904961
56 141 0.01400987090132306
57 1 1.094221734197629
57 5 0.574593694090789
57 12 36.04777490095598
57 20 4.633981392098613
57 30 1.091494227599846
57 32 1.861416084825357
57 37 3.265722743094949
57 39 0.1875024180169839
57 43 0.1842170894097188
57 45 9.076785934521485
57 57 45.81557289803067
57 68 0.1819796169785284
57 72 0.367286078992412
57 73 1.150257557260047
57 77 47.65774490983828
57 79 3.895136861131463
57 80 0.1823579919904281
57 86 7.459140328530499
57 94 4.41475899786021
57 98 1.106782958987482
57 99 1.831904866560372
57 108 15.25793442192162
57 119 18.4181944243713
57 124 3.061100337278038
57 134 1.655638964540965
57 142 10.930910838041
57 145 0.9614550304821028
57 147 0.1811393658656922
57 149 3.151018512569961
58 1 14.35519246362728
58 17 3.289041702364216
58 20 0.1778155977258701
58 31 1.044504640010989
58 33 1.060328353785078
58 41 0.3474626341988454
58 45 0.1777064774709028
58 46 2.064440272658882
58 50 0.1789094460812258
58 52 3.85716583151879
58 58 21.44048976270216
58 59 0.3490799427782774
58 64 0.1720975829283636
58 68 0.5241100283440688
58 72 4.934601647094051
58 77 0.176570572259066
58 80 1.57546627915374
58 84 6.767234775187721
58 92 0.1730076523174598
58 93 0.874707406678876
58 97 0.1749867491255107
58 99 0.7032742378301212
58 100 1.727698310805045
58 110 0.5209598786396309
58 115 1.051691119778914
58 118 0.3483855323460442
58 123 0.3465319930865142
58 134 0.8826375387759307
58 135 1.044819439861782
58 142 2.843731645410266
58 143 0.6929511594338139
58 147 36.00321814453747
58 149 0.1778107633616845
58 150 3.714349389423555
59 1 36.05439441040267
59 17 0.1747439128140182
59 27 0.3522158218896506
59 38 4.082500578457161
59 41 11.92583217796397
59 43 1.070825496624486
59 44 0.7339760926408448
59 45 1.256021569470403
59 52 0.169238223953394
59 58 0.3490799427782774
59 59 21.49687726817819
59 62 6.129896983716276
59 67 0.1760354818737661
59 69 0.01832272742119064
59 72 0.1779323170692989
59 75 12.54529372314977
59 77 0.1782736374376921
59 80 16.78892859886444
59 84 18.21698514232906
59 85 0.1778539286709598
59 93 5.651622729715104
59 96 1.02621925950853
59 98 0.357405440766201
59 99 0.3550146063889252
59 100 0.5232006338554638
59 103 0.6790267769162922
59 112 0.1786359047688967
59 113 0.2164101244274884
59 115 0.707838646118285
59 116 0.3572957110773721
59 118 12.13365728242778
59 119 0.8921905123188864
59 128 0.3574404705437905
59 131 0.177702960503871
59 134 17.46651307214864
59 135 3.515853133764812
59 142 4.307011214204866
59 147 4.740680419055141
60 10 0.9720618602562738
60 16 2.031639601711069
60 18 1.869691909552593
60 39 0.8585232055179191
60 40 6.322814685140118
60 44 0.8693983069158855
60 49 0.7535017621552165
60 53 0.7538646117128009
60 54 0.8222172038468277
60 60 2.514155888548168
60 74 4.816103453789778
60 83 9.371261269970351
60 97 0.2078254733865473
60 104 0.2742504212425588
60 107 1.323195027821847
60 112 0.2105664959794621
60 130 0.7130198479059546
60 138 0.7505348022924823
60 148 4.288997149835701
61 1 0.1802993117528636
61 12 0.3829355871258507
61 15 0.735051111361677
61 16 5.031920189851277
61 30 0.1798550514314119
61 33 0.1820583723287245
61 38 1.086557836244329
61 43 0.5463115262036041
61 44 0.1873368636500218
61 45 13.54970907989162
61 61 23.11215526652643
61 75 12.80176390051628
61 77 2.728476708432983
61 82 1.485509891725337
61 98 4.923319381852388
61 103 0.1730405194869717
61 108 0.1817262589771118
61 109 6.807404978474652
61 116 0.911441520546361
61 119 12.19866702733721
61 122 0.1878952805084261
61 132 0.1829033036903694
61 134 8.547080339818818
61 140 0.1849960166761213
61 142 2.014458263076721
61 149 0.9160751960761133
62 1 21.25567203569531
62 11 4.174379013764608
62 17 10.24813756555108
62 24 0.3483951800279842
62 25 5.218263820533105
62 27 0.5251340586989971
62 28 9.225492012783016
62 31 0.1746806370395307
62 39 1.262963045519292
62 41 41.48950234905879
62 42 1.217015175097134
62 44 0.5470217783575104
62 45 0.1783282844784112
62 46 1.208333824256411
62 52 1.850820108466411
62 55 10.61246061732347
62 59 6.129896983716276
62 62 266.7035193032979
62 67 1.399786811580344
62 68 1.227128297109447
62 75 0.8905893223146707
62 80 3.161792647909969
62 84 241.318783193232
62 92 69.78597517712741
62 93 0.3510881145624524
62 96 1.020202820678869
62 97 5.267690780344905
62 100 104.8813195938506
62 102 47.8156775998826
62 110 0.5227406929103877
62 112 0.1775422913798747
62 113 0.4296131481195322
62 116 0.7102152308610814
62 118 10.66220298263373
62 123 6.432708414910786
62 134 1.23998765889816
62 135 61.50618980406333
62 142 1.426840740789334
62 143 0.5214877252976029
62 144 1.913023182817608
62 147 37.52269264366129
63 3 19.29022379964453
63 29 33.78278231774522
63 34 37.62906643755845
63 35 4.896260041475918
63 63 123.1453429706339
63 90 4.821706145819341
63 121 22.45422805528979
63 127 48.22597754983714
63 133 19.21526875036402
64 1 7.492031074697839
64 9 1.083176348218272
64 15 4.969038971364206
64 23 0.1809196282921908
64 27 0.1736215485405579
64 33 3.517511284536568
64 44 0.3615931211433619
64 45 3.890727976051021
64 50 1.068255183127735
64 58 0.1720975829283636
64 64 4.111087043651749
64 66 4.198415241783487
64 67 0.6942043518185953
64 71 0.1830430819945329
64 72 1.578546953254581
64 75 1.413156192944666
64 80 2.961772526742138
64 84 0.518111500600017
64 85 0.175318535482014
64 96 0.3373805671733445
64 97 1.219101677290356
64 103 0.6697814387203319
64 105 0.3575983749733949
64 106 0.3970061383513586
64 111 2.226138610377333
64 115 5.233491186444694
64 116 8.100140015800354
64 118 1.907081489939469
64 121 0.5016937585231347
64 122 0.5439515919905472
64 127 0.5909003850392907
64 129 2.539291047495936
64 132 2.826623318152993
64 134 4.919138442949093
64 135 0.8665755697271939
64 142 3.537553283962279
64 146 0.1851566789937669
64 149 0.3539089343119307
65 1 1.23290410762817
65 7 0.01793716381262842
65 22 0.009070676771177266
65 38 0.3093850712300136
65 67 0.1535779790192819
65 75 0.6239849303284248
65 80 1.078728813334208
65 87 0.008957206243547665
65 89 0.009073685171218229
65 103 0.2975565225173105
65 115 0.1542811285723319
65 116 0.1555626185051612
65 118 0.7671903556905312
65 126 0.009073772291705027
65 134 1.397219315177516
65 137 0.01166216855880067
65 147 0.3064656649769835
66 9 0.7048104228843408
66 13 0.3926667426168806
66 15 3.601707090422746
66 35 0.2995739486264122
66 45 0.1888636607831455
66 51 0.2453399975495802
66 64 4.198415241783487
66 66 3.907284597214566
66 71 0.3918810976319047
66 98 0.1880564000280196
66 106 0.2137640083644129
66 111 1.527824435853719
66 116 0.1879955845918471
66 122 1.939638383246971
66 129 2.328405495853401
66 145 0.3923937720558668
67 1 16.06767101298693
67 24 1.575750494256253
67 27 0.1759394591899575
67 28 0.1749506082029886
67 41 0.1752129388144016
67 44 0.7332456868193235
67 46 0.5204669294798216
67 52 0.5072489375844371
67 59 0.1760354818737661
67 62 1.399786811580344
67 64 0.6942043518185953
67 65 0.1535779790192819
67 67 7.386431299562516
67 75 0.7161764585046686
67 78 0.5784404139339471
67 80 1.942117250327382
67 84 11.02479405023501
67 92 1.046861379960717
67 96 2.563166884695286
67 97 4.76522930491382
67 103 2.035204423836722
67 115 5.303703000495143
67 116 5.354243299059042
67 118 15.28435765966337
67 123 0.5242177549198462
67 135 1.404999828392195
67 142 1.434272533828092
67 147 2.104961973416188
68 1 59.08610100877949
68 20 0.1797154608168709
68 25 0.1751555353025133
68 30 0.1764768146520522
68 31 10.02655495046617
68 41 0.1755445047222859
68 43 2.143697159706706
68 44 0.183674578603032
68 52 2.032701706457575
68 57 0.1819796169785284
68 58 0.5241100283440688
68 62 1.227128297109447
68 68 141.5824422627782
68 72 1.781018031815254
68 75 0.3587809900672888
68 77 0.7137738994548044
68 84 2.454586528651278
68 85 1.958255469813723
68 92 0.6992210935546869
68 93 9.722906334784511
68 94 1.605499592991571
68 97 0.3536525788987342
68 99 54.36886317079277
68 100 6.982518538445324
68 108 0.3565559219891449
68 110 0.7018568220399584
68 112 1.430453844415236
68 115 0.1771275731392732
68 118 0.1760156550349453
68 119 0.5358255420299139
68 134 0.8919991662825776
68 135 19.7073102959147
68 142 15.98718050238372
68 147 133.215354037192
68 149 0.3594209013710657
68 150 0.1787534515246361
69 2 3.239243791286075
69 7 0.07575828137261625
69 19 0.2090778029285606
69 22 0.1831893314713494
69 24 0.02747631299714012
69 36 1.313380379334392
69 56 0.06559951474668488
69 59 0.01832272742119064
69 69 10.31821177950513
69 70 1.800397635915975
69 87 0.9006445080454909
69 89 2.908043728957895
69 96 0.01829399464105812
69 101 0.1032124119782609
69 103 0.0365731143796764
69 114 1.038037013116913
69 117 1.880336731758322
69 126 0.9395987421577934
69 137 0.0212316070775218
69 141 0.5437036211777817
70 2 4.108384300184894
70 7 0.006309344110813917
70 19 0.3297295714157204
70 22 0.009390020903268815
70 36 0.2030556694664916
70 56 0.004683578659519559
70 69 1.800397635915975
70 70 4.463701977451707
70 87 0.1306043018489073
70 89 0.8170744179312154
70 101 0.00303475494306449
70 114 0.3224868185315534
70 117 0.1362622427657089
70 126 0.1361797343410809
70 141 0.3841674925494126
71 9 0.4715429787265234
71 13 1.575324688250664
71 20 0.3790500810752704
71 32 1.522744634537961
71 37 1.179475341595829
71 43 0.7533250576176188
71 45 10.03826454626521
71 50 0.1907684312250741
71 51 0.2462480428835449
71 64 0.1830430819945329
71 66 0.3918810976319047
71 71 89.61334131457339
71 73 1.96169707348282
71 77 0.1881115180856816
71 79 13.15782510196219
71 86 6.849452834442975
71 106 6.219140750557222
71 119 0.5648821269688755
71 129 0.1946022335165019
71 132 2.270237353417738
71 134 1.504500318080935
71 142 1.5154519908584
