%%MatrixMarket matrix coordinate real general
%
150 150 4420
1 1 4674.186102223257
1 9 0.7003445628705085
1 10 0.6826099260725723
1 11 0.6696171308455678
1 12 2.392839226183708
1 16 0.3373727770585857
1 18 5.073233579499483
1 19 4.745849243212414
1 20 1.019663531217813
1 23 8.611955290311696
1 24 5.729352936502596
1 26 4.884588340801516
1 27 1.727792735267921
1 28 4.751164933507621
1 35 1.373140978280934
1 37 3.662684100915496
1 38 5.933831406266564
1 40 11.72749581692054
1 42 10.69365610642241
1 43 20.82662048465904
1 44 10.39329929465396
1 45 1.000137092841723
1 46 87.40440473038001
1 47 13.91911912597327
1 49 9.731531170907129
1 50 2.983682250071996
1 52 0.3443615730815404
1 53 4.063667918137932
1 54 8.535045829336537
1 55 341.9779627606012
1 57 1.045282918230239
1 59 8.120708730701168
1 60 0.3422194442397133
1 61 169.1958424092952
1 63 1.016239553696822
1 66 4.687543125438286
1 67 42.21270328792908
1 69 0.6991332101907722
1 70 0.3476402851291311
1 72 2.034526646362207
1 73 34.58991882988512
1 74 2.346299576518871
1 75 5.422162914879785
1 81 78.90634504227307
1 83 246.3744400221144
1 84 2.445891839220386
1 85 372.8664326518972
1 86 0.7137357179669592
1 87 0.3453676044429162
1 88 378.0837834870242
1 89 20.02109310829927
1 90 3.419673332900055
1 93 17.4678761224664
1 94 0.6950131749968288
1 95 0.3464282325255733
1 99 165.1738205727399
1 100 3.466352742567246
1 102 207.5075601679922
1 103 1.349779424380338
1 105 249.700176306392
1 106 2.693915539073783
1 107 1.359706362115369
1 111 2.013946274280279
1 113 269.8657553927269
1 114 0.6884216199040378
1 117 459.2254191349008
1 119 24.80290620353863
1 120 2.034531987173349
1 121 37.86705058690944
1 124 0.686549125432792
1 127 1.013109791578198
1 130 475.0584471602194
1 133 10.77670930465596
1 134 1.023454823024924
1 135 0.3351938498024171
1 136 226.3931972467886
1 138 218.3578121336272
1 139 6.536352495586327
1 141 63.35834506813848
1 144 3.866603873951294
1 147 2.025451463115163
1 148 1.027934536131634
1 149 21.09619260179205
1 150 0.9842617170764466
2 2 3405.430477124381
2 14 5.186879805013031
2 30 1.665073775331325
2 56 158.2167075333233
2 76 2.611927841037222
2 79 551.7500792744229
2 108 2.856306072791529
2 115 2.138063268438327
2 142 5.542770375653495
2 146 45.94130912869367
3 3 3008.045241545005
3 17 9.922731874023869
3 64 0.7086835099139839
3 71 403.6481290953718
3 109 0.3544006832344911
4 4 35036.24070423948
4 22 70.40585345239059
4 65 2616.353528396144
4 97 4370.469286031071
5 5 56.57961466602838
5 12 0.3564385441986625
5 31 0.3642435246719675
5 38 1.821442456536258
5 70 0.362755413895498
5 82 11.48922756158116
5 96 63.58415569395913
5 137 7.616524626744341
6 6 14.19458104660328
6 17 4.25545666777191
6 29 1.422871047784859
6 32 4.610108794573637
6 52 9.59327874415497
6 62 7.096055423999322
6 64 18.43816870525808
6 71 0.3546160776343946
6 80 1.064034764493273
6 98 8.885664214369784
6 100 0.7154557137739677
6 109 19.50576518040963
6 125 6.036461799820311
6 131 4.253573167629929
6 139 0.7098828989269604
6 141 0.3552790344071372
7 7 23.57458036786561
7 14 0.2385467316461278
7 20 0.5610675757166409
7 30 1.203485674476655
7 33 1.685830301479901
7 35 0.2828439493695989
7 36 1.932550312537303
7 45 0.2760845649965554
7 56 0.2360808891127966
7 66 0.2770751715241105
7 76 6.727489794178882
7 77 13.78702434357576
7 79 0.705644021686152
7 92 1.923346252412665
7 108 34.44288848059487
7 115 0.7211562160764098
7 124 0.2828365768722415
7 126 2.765756088348978
7 140 9.195275912193754
7 142 1.463370305209509
7 146 0.9736983075278659
8 8 118.7602130745204
8 22 13.36079065847445
8 27 4.329705838597843
8 51 0.7803426544328365
8 53 0.7693145468334536
8 68 20.6598981501892
8 75 0.7699504434405051
8 86 24.50096345219826
8 90 3.889574219961355
8 95 33.15801586959427
8 97 3.192039663415364
8 101 11.03937526817715
8 114 3.526757940270209
8 122 60.51927430036505
8 128 2.354465108865003
8 129 15.61548915825126
8 144 1.605397745595475
8 147 0.383286571945154
8 148 0.3898350635352595
9 1 0.7003445628705085
9 9 616.6671391551475
9 20 0.3570158357309695
9 31 0.3670902037237321
9 35 20.20287641803161
9 38 30.10519989808023
9 41 6.59428063275788
9 42 26.47068310094737
9 48 6.931943892038721
9 55 1.763259918836872
9 57 201.1807186595773
9 69 0.3677105006305032
9 70 0.7311567884224621
9 80 0.3613028032100946
9 84 1.102618444789535
9 88 4.920976009888784
9 89 150.9544539734248
9 91 0.72553151278727
9 94 225.4706261468974
9 100 189.1585644572372
9 102 2.11846616870006
9 110 124.8176041539922
9 112 1.083086454780219
9 113 0.6956119420697925
9 116 311.992841735802
9 118 173.89902612765
9 126 1.753145744096868
9 138 2.47659613175989
9 139 1.08472627165707
9 140 0.9519523563688741
9 141 121.6082884126652
9 145 1.817350716976875
10 1 0.6826099260725723
10 10 77.54168273490401
10 19 0.3468614900811346
10 27 5.659887682871162
10 46 24.0738138508164
10 47 1.042160574647659
10 51 18.25007003381517
10 60 1.75122242104174
10 63 13.17109607476286
10 72 5.204474084599988
10 90 68.24620743229674
10 95 7.447740806526279
10 99 1.717193307899142
10 117 0.6873331556636844
10 119 0.3428687650342147
10 120 9.715051598923131
10 127 3.80067047584407
10 128 1.763870592460364
10 134 62.49361190401036
10 143 2.105982738041607
10 144 0.3599812870777714
10 148 67.33256333892129
11 1 0.6696171308455678
11 88 0.6720416153447909
11 130 1.678413803601236
11 136 0.3385515367394796
11 149 5.375955162487141
12 1 2.392839226183708
12 5 0.3564385441986625
12 12 17.51985568607785
12 18 1.386383565531805
12 23 0.7063517696881766
12 29 1.060375981116227
12 35 0.3519227949106798
12 38 30.07047113781078
12 39 0.349484996166295
12 43 0.3441790463472469
12 46 0.3444492268172933
12 50 4.074816824898723
12 52 1.765265962616003
12 53 2.429284028462868
12 55 24.09381717018368
12 58 4.19990943437235
12 69 0.3585274395880332
12 70 4.634496440812881
12 73 47.6133401772121
12 78 8.795517426639872
12 81 1.376119060669594
12 82 2.470373023796987
12 83 8.514622279118893
12 84 5.375474294665554
12 85 9.663833499243209
12 87 4.603424797661612
12 88 1.715491107100069
12 89 0.353926128438702
12 94 0.7127196619302171
12 96 1.071189452507855
12 100 0.3554442813044341
12 102 1.723013389530325
12 106 4.830637682433357
12 110 2.153921275688202
12 112 0.7043453916860163
12 113 2.037473172804609
12 119 0.6868062061658622
12 121 0.3433322258390175
12 124 2.463374575987999
12 132 34.82776445510259
12 133 6.211440564229464
12 137 0.7128794371536085
12 138 0.3452906282542899
12 139 23.98309434355719
12 141 18.71054921729269
12 144 1.081709616826242
12 145 4.253945343545929
12 147 2.42146491993486
12 150 2.687739333893885
13 13 21.59267996193253
13 40 0.3369295836403714
13 44 0.3371281626890306
13 61 10.44386115875197
13 88 0.6734795971151325
13 99 9.114777340210132
13 111 30.71452629301982
13 130 0.6728009643455823
13 135 0.6741058500200438
13 136 0.3392810168499452
14 2 5.186879805013031
14 7 0.2385467316461278
14 14 6.75963599423405
14 36 3.178644492500697
14 56 3.344465372320581
14 79 7.616108309503206
14 115 5.352568623663429
14 142 5.184785945765328
14 146 3.696184975570034
15 15 63.23867072126045
15 23 0.7112723587224797
15 52 65.76961601952372
15 80 3.548823028378157
15 104 0.6917470105413618
15 112 10.63855286455258
15 125 1.065871712021525
15 131 1.418673166489349
16 1 0.3373727770585857
16 34 0.3420379298091877
16 46 3.399178414932026
16 53 0.3424430302751049
16 60 0.3461046926273525
16 75 5.140403931551442
16 83 0.3361556995482999
16 85 0.6811762645776214
16 113 0.3351757903572301
16 119 0.3389008040708738
17 3 9.922731874023869
17 6 4.25545666777191
17 17 48.90424688500514
17 32 7.796381356864654
17 62 1.063680522640887
17 64 44.64651456974521
17 71 21.97177602996815
17 109 23.03648333530471
17 131 1.416888236836951
18 1 5.073233579499483
18 12 1.386383565531805
18 18 196.1252171015229
18 23 0.3493146628985982
18 27 0.3504254636737085
18 38 1.770073612798725
18 42 0.3498071220364831
18 43 0.6810206360661674
18 50 6.719938674194984
18 53 3.433116431075879
18 55 2.043172195711535
18 58 0.3773022873085785
18 70 0.3525664315340507
18 73 46.75717158201498
18 75 0.3435647019575616
18 81 1.361459767863723
18 82 4.537708734812044
18 84 0.7087802589250324
18 85 39.2665593441105
18 88 1.697264802884229
18 102 3.750177811666231
18 106 17.75066869079768
18 114 4.537510844201678
18 117 1.021603337722743
18 121 2.377771886165764
18 141 3.491711671784774
18 144 1.069638383486532
18 145 0.3506061268400503
18 147 2.053309299996114
18 150 0.3324715239540307
19 1 4.745849243212414
19 10 0.3468614900811346
19 19 248.0186448400292
19 24 0.342437727255617
19 27 0.3512557509134841
19 34 0.3436995591314752
19 46 24.59235660782447
19 47 4.484847482422657
19 49 1.022821749665511
19 55 1.706566123246651
19 60 0.3478061719466869
19 72 2.756575150258135
19 75 4.476718178084144
19 83 5.741928013222815
19 85 15.05842320112881
19 86 0.3629466755180317
19 90 17.37729607956724
19 95 14.4383325736552
19 99 1.023282951969658
19 107 0.345438559190981
19 117 136.1861738820045
19 120 0.3445728519551289
19 123 6.884601195911198
19 127 5.833419275482814
19 130 1.019656963833541
19 133 15.05597344981429
19 134 0.6934067678830357
19 144 29.66472369717211
19 148 0.6964918353514057
20 1 1.019663531217813
20 7 0.5610675757166409
20 9 0.3570158357309695
20 20 4.848630345344179
20 23 0.7021974448849592
20 35 3.498592962274519
20 36 0.2888179227143359
20 38 7.472797318280041
20 42 0.7031918899646022
20 45 1.358302824793122
20 50 0.337647654168927
20 55 9.924497364989877
20 57 2.841613396518865
20 73 1.382122577331425
20 81 11.28792585055712
20 82 2.105015798713579
20 83 1.015957780253097
20 85 0.6863059137829881
20 87 2.464149106716414
20 88 0.3411375347718537
20 89 14.42540058438521
20 93 0.6844268960419344
20 100 1.41335753301657
20 102 1.027873538312042
20 107 0.6927435644990771
20 108 0.2878044631849229
20 110 3.92524411997378
20 113 1.350631534618861
20 118 3.895692525065285
20 119 0.3414391191222791
20 126 2.72255017623521
20 138 6.866078562652548
20 139 0.3506213955257567
20 140 0.3088488775537663
20 141 19.30244489506941
20 145 0.3524034826025086
20 150 8.686254702376214
21 21 0.7284774165007057
21 31 1.82512164069002
21 38 0.7301400423354111
21 84 1.461876340898845
21 110 1.830580222739399
21 126 0.3487429054541442
21 141 0.359919765214699
22 4 70.40585345239059
22 8 13.36079065847445
22 22 809.658209208843
22 65 187.1624724231615
22 68 5.568863253572533
22 95 1.319796149386044
22 97 1739.228597992791
22 101 2.101077336628868
22 122 13.82938691850181
22 129 2.959688209590239
23 1 8.611955290311696
23 12 0.7063517696881766
23 15 0.7112723587224797
23 18 0.3493146628985982
23 20 0.7021974448849592
23 23 244.2150558461867
23 28 1.752723755311488
23 32 4.262269278141964
23 35 1.773623050466555
23 38 3.247939992870041
23 42 4.278117236048245
23 43 0.3468592559821097
23 46 0.6942674234799829
23 50 0.3421771090145838
23 52 28.11405763394515
23 54 89.23664369474153
23 55 36.76907944384057
23 57 1.440873113819313
23 59 0.3350525838532399
23 64 0.7102909979065166
23 69 5.782971046719784
23 70 0.3593769354095016
23 73 12.96020319985255
23 80 24.51182379113984
23 81 4.507202889576122
23 83 26.08390360781063
23 84 5.780350196678522
23 85 0.6956649702216039
23 88 104.0741742150301
23 89 5.708167454834262
23 94 4.310803569760729
23 98 3.55994601156404
23 99 0.3466522161742919
23 100 69.51078999837983
23 102 17.71175914004224
23 103 0.3484917619917292
23 104 3.808379557654839
23 107 5.969375636357543
23 110 1.809513977104226
23 112 17.39399053730817
23 113 3.421879398178637
23 117 3.121954206896641
23 119 0.6921431360597011
23 124 2.128280475413707
23 125 1.066958483820457
23 126 1.034761397704274
23 130 2.763230786445862
23 131 23.07690746144693
23 132 7.446528129663899
23 133 0.347775011890192
23 137 0.3593157451748818
23 138 7.307744869449901
23 139 135.8039788362806
23 141 82.55719712522009
23 145 8.218814086980061
23 149 1.38294571447953
24 1 5.729352936502596
24 19 0.342437727255617
24 24 12.25546025303254
24 46 2.376936392531087
24 47 6.516046645645795
24 60 0.3457342725152166
24 61 0.6768194292697514
24 63 2.053145104098392
24 72 1.370152747180226
24 75 0.3423315569969658
24 83 0.3358062529747749
24 85 0.6804613010705916
24 90 5.873111978701577
24 99 23.73709345778793
24 105 13.52322849747424
24 111 0.3390386193902585
24 117 9.501049573207917
24 120 26.71807805544127
24 130 4.730694778797806
24 136 1.022439186781537
25 25 12.03167535727353
25 27 1.06823811093287
25 53 0.6974675567215144
25 75 4.536973025908939
25 85 2.080883973976425
25 86 1.472397587680903
25 95 2.142014925533264
25 101 2.211112967520415
25 114 6.738328676225421
25 128 0.3550985040944226
25 129 0.75837166401469
25 144 0.7247965962517277
25 147 7.647393255734019
26 1 4.884588340801516
26 26 3.179764703705127
26 35 0.3347814860075646
26 44 1.308611593110476
26 46 4.264141056832553
26 54 1.66494524234602
26 55 11.47240625259793
26 73 0.3308157290209926
26 75 0.3305948944578728
26 83 6.490105004302216
26 85 6.901335368355958
26 88 1.633928890812218
26 89 0.3365939110712821
26 99 3.603393005377858
26 113 9.384166433624953
26 117 3.277881661920089
26 119 2.616501962848584
26 127 1.976816976790905
26 128 0.3360635106384146
26 130 5.223458735474982
26 133 3.285834679428375
26 136 1.975068289623807
26 138 0.6575482454573925
26 139 2.012869198489076
26 141 0.6715666383816234
26 144 0.3425981457528485
26 149 1.633815669062294
27 1 1.727792735267921
27 8 4.329705838597843
27 10 5.659887682871162
27 18 0.3504254636737085
27 19 0.3512557509134841
27 25 1.06823811093287
27 27 42.28108800475219
27 46 18.45623706006917
27 47 8.091274764726345
27 50 0.6864857728186134
27 51 7.109244045630415
27 53 1.754397568463473
27 55 0.6959479025575275
27 60 3.192532152142256
27 68 3.56408360147066
27 72 0.3513612679420579
27 75 9.480897075637596
27 82 0.3568817123150189
27 85 14.30629257789613
27 86 17.7834338795032
27 88 0.3468500355565929
27 90 29.77417968676973
27 95 71.49062140606195
27 101 1.483654280665227
27 114 8.207908128251814
27 117 5.915654628832712
27 120 1.054087891769087
27 121 0.3470890023177937
27 122 7.607680008061042
27 128 12.50622914423054
27 129 4.580668736629202
27 130 0.3464900107140714
27 134 17.32534071814761
27 143 2.488478428255275
27 144 4.741318763125958
27 147 0.6994759809967586
27 148 24.15242776367803
28 1 4.751164933507621
28 23 1.752723755311488
28 28 52.47884601219211
28 35 4.541025842272703
28 40 0.6816173221913113
28 42 1.404161118129898
28 44 0.3410120533710871
28 46 0.341946261053727
28 52 0.3504243331022202
28 54 3.820955167153799
28 55 19.13509016478535
28 67 1.495852212419572
28 69 1.06744531529241
28 81 2.390731608905895
28 83 1.352549311501469
28 84 0.7113137228301545
28 85 1.370495440001756
28 88 23.84301184395587
28 89 14.05133542417681
28 93 1.025062449173068
28 94 1.414723769645762
28 99 1.024436710543112
28 100 2.822231215615968
28 102 0.6841947363921191
28 107 2.420830707235417
28 110 0.7125383458986048
28 112 13.98226565893792
28 113 7.75436216095538
28 117 0.3417041458739938
28 124 0.3492991802897206
28 136 1.716073314647349
28 138 23.9942473676629
28 139 0.7001382653787097
28 141 17.52003185127303
28 150 0.3335861106087917
29 6 1.422871047784859
29 12 1.060375981116227
29 29 20.681321434101
29 43 0.3471323010162214
29 52 4.986262521599327
29 70 1.798347988945048
29 78 1.419630652185363
29 80 0.3555303935281813
29 84 5.785090708978966
29 98 6.413080741690036
29 100 0.3585949150268439
29 132 12.42086620719383
29 137 0.3596087617804327
29 139 1.067384056083522
29 145 0.7152595040066313
30 2 1.665073775331325
30 7 1.203485674476655
30 30 8.359288157697199
30 33 0.4920054926862893
30 56 0.7231391379689125
30 76 3.681196650611605
30 77 0.2470927180648294
30 79 2.16129660128939
30 92 0.2455706882134395
30 108 36.16648799594854
30 115 2.700891677920519
30 142 7.72517183326138
30 146 2.487076240301398
31 5 0.3642435246719675
31 9 0.3670902037237321
31 21 1.82512164069002
31 31 1396.655952788265
31 35 0.7190574027777413
31 38 52.6831418848238
31 55 0.7029403053390784
31 57 5.477592314902887
31 58 6.252476464777941
31 70 54.28180529026925
31 73 4.614463881402576
31 84 17.21400451635576
31 89 0.7232397134252699
31 94 5.098256689334925
31 96 83.56121924350174
31 98 0.3608322846863532
31 100 1.089612699015734
31 102 0.3518928839815263
31 106 1.057062900122773
31 110 235.1859369828395
31 124 0.3595172183914216
31 126 2.7956835978483
31 132 0.7187930849969886
31 137 18.21222384124607
31 139 2.882657659212149
31 141 7.213678490636623
31 145 2.897715958942866
32 6 4.610108794573637
32 17 7.796381356864654
32 23 4.262269278141964
32 32 6.378899970682882
32 52 1.420261108806911
32 54 1.759597372408393
32 62 1.063687507680359
32 64 51.37927150286443
32 80 2.835500395726552
32 98 0.3551800192865209
32 100 1.072449103986475
32 103 0.3477117477728701
32 109 16.65726175527589
32 112 0.354170470839025
32 125 0.3548393003627612
32 131 6.730261431682768
32 139 0.3546964384188462
33 7 1.685830301479901
33 30 0.4920054926862893
33 36 1.975307374574532
33 76 0.9822156542819241
33 77 0.4944711181755668
33 108 5.169608898893169
33 115 1.22838237069932
33 140 0.5228124393024072
33 146 0.2488515737391687
34 16 0.3420379298091877
34 19 0.3436995591314752
34 34 2.743451889401143
34 46 5.45284341811629
34 75 12.71293227078255
34 83 0.6740394519819876
34 85 3.414761214672337
34 95 0.3513490236499763
34 123 13.05149951745231
34 127 2.739019512261211
34 133 0.3414207971888363
34 144 0.3565768089632665
35 1 1.373140978280934
35 7 0.2828439493695989
35 9 20.20287641803161
35 12 0.3519227949106798
35 20 3.498592962274519
35 23 1.773623050466555
35 26 0.3347814860075646
35 28 4.541025842272703
35 31 0.7190574027777413
35 35 97.55505317291963
35 38 55.73390666898691
35 42 3.90755790570146
35 45 3.772632798001442
35 52 7.446628944747562
35 54 1.405854203826265
35 55 21.08579016583956
35 57 36.60926697503434
35 58 0.3836227369475462
35 66 0.688995080364749
35 69 1.080367517706494
35 73 1.745213432068147
35 80 1.415901395580562
35 81 1.38199883580157
35 83 1.026075972161463
35 84 24.83725588160065
35 85 0.3466167641356458
35 87 1.067001428815079
35 88 2.06735937523078
35 89 137.9267274290799
35 91 1.06613551698549
35 94 16.10715814731577
35 100 67.11841567596935
35 107 11.5467114978908
35 110 57.69398312972994
35 112 9.90397979738205
35 113 1.364043274701515
35 116 1.797450742308743
35 118 8.230420433699122
35 119 0.344868020475444
35 124 5.301730642076884
35 126 19.59230188307946
35 131 0.3537616055540302
35 133 0.3465596067854895
35 136 0.3472211641688671
35 138 5.548332894337213
35 139 9.9186496368925
35 140 14.95926458498228
35 141 164.5238663376597
35 145 0.7121136891057237
36 7 1.932550312537303
36 14 3.178644492500697
36 20 0.2888179227143359
36 33 1.975307374574532
36 36 4.458364020970114
36 45 0.2841046728044392
36 76 0.2463189501943527
36 77 2.232103683180362
36 108 8.642938526408599
36 115 8.37904672357471
36 140 1.049096830561914
36 142 2.001064736760128
36 146 0.9985506081808526
37 1 3.662684100915496
37 59 1.296628185102145
37 85 0.3361046456500731
37 88 0.6683415772115345
37 102 1.342388803699992
37 121 0.3343925278795969
37 130 0.3338365239273539
38 1 5.933831406266564
38 5 1.821442456536258
38 9 30.10519989808023
38 12 30.07047113781078
38 18 1.770073612798725
38 20 7.472797318280041
38 21 0.7301400423354111
38 23 3.247939992870041
38 31 52.6831418848238
38 35 55.73390666898691
38 38 1329.688075424556
38 39 0.7140617572776529
38 41 10.95357926790903
38 42 7.228154847361965
38 43 0.3514940948555687
38 45 1.046159049279502
38 46 0.3517758842549281
38 50 5.546980109861376
38 52 1.082262972705609
38 53 2.12687408933441
38 55 16.87263502634636
38 57 47.4785335106986
38 58 58.23415036625765
38 69 0.7329427576944645
38 70 128.9812863999251
38 73 119.2809579626075
38 81 7.729450007981039
38 82 11.89997947559898
38 83 0.3477467304979455
38 84 180.953398964134
38 85 14.09972591313946
38 87 17.00731678275041
38 88 2.452565738897281
38 89 98.3729276725814
38 91 0.361559813126023
38 93 1.757506772285876
38 94 80.85406563057499
38 96 131.3794034520994
38 100 68.65438725875757
38 102 8.094520441046875
38 106 13.74351726663653
38 107 0.3558909838675133
38 110 220.9050525595798
38 113 1.386790192994587
38 116 5.487249325460794
38 117 0.3515196563424336
38 118 44.7857255345894
38 119 0.3506852401894585
38 124 8.269917172471812
38 126 22.36819416827392
38 132 0.7188837444720568
38 133 2.114604781717248
38 137 79.77970458746097
38 138 7.053057870246172
38 139 21.98306436259695
38 140 1.898363937434231
38 141 466.7841303848364
38 145 5.796170869194205
38 147 1.413253963119512
38 150 5.829874492209503
39 12 0.349484996166295
39 38 0.7140617572776529
39 54 0.6980677628905071
39 70 2.133330813172823
39 73 8.319473724825915
39 85 0.6885053324168438
39 106 1.0324839638562
39 132 1.403504190921501
39 133 0.3441952959504244
39 139 0.7035388891599711
39 147 0.3450342130841796
40 1 11.72749581692054
40 13 0.3369295836403714
40 28 0.6816173221913113
40 40 14.13192857996935
40 44 3.030060192016667
40 46 0.3375833035028048
40 49 0.6739550795376553
40 61 22.20532127627341
40 81 0.3371810496952486
40 83 0.6677415706814025
40 88 7.061994291304914
40 99 12.81085524008772
40 102 0.3377309454701667
40 105 1.344476392759349
40 111 6.741316734077856
40 113 12.31745330209879
40 117 0.3373473230186332
40 130 31.9149622046254
40 135 1.682986443722304
40 136 27.10556549245281
40 138 0.6767825904140443
40 149 1.008785985916968
41 9 6.59428063275788
41 38 10.95357926790903
41 41 71.4107944784222
41 57 2.186645560663024
41 89 1.443602225037038
41 94 33.07234444388882
41 96 0.3641656971615574
41 100 2.537356023066477
41 110 4.393982559331367
41 116 45.62931281624168
41 118 8.720087630420394
41 141 2.879753490693335
42 1 10.69365610642241
42 9 26.47068310094737
42 18 0.3498071220364831
42 20 0.7031918899646022
42 23 4.278117236048245
42 28 1.404161118129898
42 35 3.90755790570146
42 38 7.228154847361965
42 42 77.11687584566945
42 43 0.3473448111666452
42 45 0.3446359121282971
42 54 1.766077878300214
42 55 18.41025781863745
42 57 8.297064237239708
42 58 1.157127601239377
42 67 0.7615204433418806
42 69 2.895701153364102
42 70 0.3598981970526071
42 73 0.3507714261482202
42 80 0.3557533148860365
42 81 10.76297707689338
42 83 2.405790941644717
42 84 0.723597533826961
42 85 0.3483208567518168
42 87 0.3574629792733717
42 88 15.92720790878246
42 89 71.81203293764545
42 93 0.6947050308180553
42 94 22.30477265845837
42 99 0.3471371912154043
42 100 29.42331804260692
42 102 5.912193291004106
42 106 0.3482280122454282
42 107 1.054911279982025
42 110 4.3491805768999
42 112 0.7109760653078244
42 113 5.139902719828305
42 118 50.71220534921289
42 126 0.6908015326570063
42 133 0.6965255097916906
42 136 2.093584856721433
42 137 0.3598368291403082
42 138 41.81715768235351
42 139 1.780085680717807
42 141 142.1879402715095
42 145 1.073563997148927
43 1 20.82662048465904
43 12 0.3441790463472469
43 18 0.6810206360661674
43 23 0.3468592559821097
43 29 0.3471323010162214
43 38 0.3514940948555687
43 42 0.3473448111666452
43 43 62.22453172231099
43 47 0.6836059978658688
43 50 0.3337249629802547
43 53 4.09127485988456
43 55 2.705563116575935
43 57 0.7017276716917769
43 70 1.400258116048896
43 73 22.87540707844089
43 75 0.3411891944583357
43 81 1.014100297281344
43 83 41.83831859833379
43 85 37.30121971022311
43 88 1.34853379456497
43 93 0.3381847889303664
43 99 0.675960149597972
43 102 21.33091741818326
43 106 0.6780275923994868
43 113 0.3337354681648239
43 114 0.3465880746393083
43 117 15.55722494888364
43 119 0.3374283578202188
43 121 4.723027360079818
43 130 0.6735866957207429
43 132 0.3455282112848042
43 133 8.137136139612901
43 138 0.3392502362857417
43 139 0.346393336474645
43 141 0.3467182702356532
43 144 0.7079768545061282
43 147 0.3398615597653547
44 1 10.39329929465396
44 13 0.3371281626890306
44 26 1.308611593110476
44 28 0.3410120533710871
44 40 3.030060192016667
44 44 1.347483335490868
44 46 0.3377826540274109
44 61 22.21839308413324
44 67 1.106966216163965
44 85 0.6768882937622556
44 88 0.3364835143509501
44 89 0.3468914017628599
44 99 3.710597436651839
44 105 5.044751084358797
44 111 2.023587466125154
44 113 3.664080479559763
44 117 2.36282412371171
44 130 5.714457997901481
44 135 1.010387644668856
44 136 5.424326846791327
44 138 1.354364535596155
45 1 1.000137092841723
45 7 0.2760845649965554
45 20 1.358302824793122
45 35 3.772632798001442
45 36 0.2841046728044392
45 38 1.046159049279502
45 42 0.3446359121282971
45 45 5.995416405639446
45 54 0.3410871508532087
45 55 8.055031290642068
45 57 0.3481003384906028
45 66 0.3345222266468834
45 73 0.3388067223483058
45 76 0.5646155033715142
45 77 0.2845318908527789
45 84 0.3490839563437299
45 85 1.346078842698561
45 87 0.6900910090082556
45 88 0.3345812483659289
45 89 5.173036384691793
45 100 1.038932082521899
45 107 2.716914938786039
45 108 1.415620182337171
45 113 0.6624679661922001
45 119 0.6697431991231605
45 124 0.6859136880068677
45 126 3.33793289775595
45 133 0.3364660579473016
45 138 0.6733316121002276
45 140 4.248509628353955
45 141 8.60045923960684
46 1 87.40440473038001
46 10 24.0738138508164
46 12 0.3444492268172933
46 16 3.399178414932026
46 19 24.59235660782447
46 23 0.6942674234799829
46 24 2.376936392531087
46 26 4.264141056832553
46 27 18.45623706006917
46 28 0.341946261053727
46 34 5.45284341811629
46 38 0.3517758842549281
46 40 0.3375833035028048
46 44 0.3377826540274109
46 46 859.6187772821338
46 47 39.68008566884397
46 49 2.704717527855129
46 50 0.3339789794855726
46 51 1.727679741132222
46 53 0.3412048314910655
46 54 0.3440098294635904
46 55 23.35346936950753
46 60 3.44840400031327
46 61 0.6751054203762442
46 63 6.48496593455052
46 66 0.3373330222493491
46 72 32.79939580883516
46 73 1.708451284294723
46 75 227.4089139986505
46 81 1.353176712100634
46 83 20.09773908244602
46 85 163.9130322694125
46 86 3.597180500480805
46 88 2.024356739975225
46 89 0.6957160210386217
46 90 130.2527779257082
46 93 2.369120229847606
46 95 46.43214354019295
46 99 61.22159436750297
46 101 4.321420823144077
46 102 3.727323715921386
46 105 7.081730511196102
46 113 34.40090121256745
46 114 2.428037205554054
46 117 217.2923705476835
46 119 32.41803789109429
46 120 36.55777641427557
46 121 1.35047684703459
46 123 10.92237438353777
46 127 59.20432882640026
46 128 2.431045608169191
46 130 10.78567473729873
46 133 11.53653391295027
46 134 40.56320647972935
46 136 0.6798876173676054
46 138 1.697564000741961
46 141 3.816913776945049
46 144 10.6282491354957
46 147 0.6802494139899599
46 148 11.04871448574535
46 149 0.6747378991733551
46 150 0.3304951936753431
47 1 13.91911912597327
47 10 1.042160574647659
47 19 4.484847482422657
47 24 6.516046645645795
47 27 8.091274764726345
47 43 0.6836059978658688
47 46 39.68008566884397
47 47 74.6296828564461
47 49 0.6828953932389252
47 51 0.3490441256207575
47 55 1.025464727259367
47 59 0.3303323956007881
47 60 1.045001536174421
47 61 0.3409002334377711
47 63 11.03157943961684
47 72 12.76833789187684
47 74 0.3410506234335863
47 75 3.448805416935763
47 81 0.3416564968140591
47 83 2.367809044184777
47 85 28.79083934164467
47 86 0.3635216710734957
47 90 156.9810027501488
47 95 14.81322113469434
47 99 17.08009990761256
47 101 0.3639313224623639
47 105 5.789628500699672
47 113 4.047195583141341
47 117 93.31883647734215
47 118 0.3537233700964691
47 120 62.80662497925717
47 121 1.363872070787352
47 127 0.6873126142968425
47 130 1.02116941558279
47 133 1.370769131120998
47 134 3.819512513835808
47 138 0.342899300944474
47 141 0.3505306620054219
47 144 5.011497791341334
47 148 4.185302845987954
48 9 6.931943892038721
48 48 183.5737353063915
48 52 0.7170721267072193
48 69 1.092542198925322
48 80 1.431582505566965
48 94 27.86984833625174
48 100 103.6073571476874
48 110 1.093968341628123
48 118 0.361852306550153
48 145 1.440091710089569
49 1 9.731531170907129
49 19 1.022821749665511
49 40 0.6739550795376553
49 46 2.704717527855129
49 47 0.6828953932389252
49 49 29.02344336655041
49 72 0.3410396793914112
49 83 6.018591758876933
49 85 1.693760699390423
49 88 1.010364124962127
49 90 2.407671001796489
49 99 17.55690299536284
49 102 0.6764747670301393
49 113 1.666983172181981
49 117 63.17846793960351
49 119 0.337081953756338
49 120 0.3410408466533398
49 121 1.011040834707201
49 130 7.738314785854888
50 1 2.983682250071996
50 12 4.074816824898723
50 18 6.719938674194984
50 20 0.337647654168927
50 23 0.3421771090145838
50 27 0.6864857728186134
50 38 5.546980109861376
50 43 0.3337249629802547
50 46 0.3339789794855726
50 50 50.06699032349852
50 53 5.382634735072458
50 55 31.038038069496
50 58 0.3689887478476646
50 73 35.37307014258473
50 75 0.6733151811845473
50 81 10.34113033055695
50 83 1.651726956295554
50 84 1.388182160729887
50 85 31.12017404012833
50 87 0.343054510993891
50 88 1.66354512225783
50 89 0.6857610723639938
50 93 2.336125350653002
50 95 0.6882018962393412
50 96 0.3458256965146635
50 102 3.007109918336522
50 106 11.37435716086155
50 110 0.3476291902632028
50 113 1.317593372750245
50 114 1.709564464311081
50 119 11.65483646422118
50 132 0.3408816906650411
50 133 7.695167781813799
50 137 0.3452402632501703
50 138 1.004308746944062
50 139 2.050339332500578
50 141 3.420395431844266
50 144 0.6982259916781698
50 147 24.14627878188638
50 150 9.453966529112225
51 8 0.7803426544328365
51 10 18.25007003381517
51 27 7.109244045630415
51 46 1.727679741132222
51 47 0.3490441256207575
51 51 426.7125475141946
51 53 0.3481438649000162
51 60 16.8926530361799
51 72 3.137570151728368
51 86 0.3674387631832101
51 90 33.0563363592324
51 95 11.04784834224345
51 127 0.347154543721202
51 128 49.62780635236405
51 134 7.717617894611755
51 143 114.6240653940464
51 148 238.9136139613956
52 1 0.3443615730815404
52 6 9.59327874415497
52 12 1.765265962616003
52 15 65.76961601952372
52 23 28.11405763394515
52 28 0.3504243331022202
52 29 4.986262521599327
52 32 1.420261108806911
52 35 7.446628944747562
52 38 1.082262972705609
52 48 0.7170721267072193
52 52 213.4497964444804
52 53 0.3496457135442259
52 54 7.051835556373748
52 55 5.201398129156943
52 62 1.776223033109855
52 69 0.3613081766627942
52 70 3.592492860815495
52 73 0.7003110088975278
52 78 3.190484761150242
52 80 33.38125254981195
52 81 0.3465900587287099
52 83 1.372373867198578
52 84 28.53035071302474
52 85 0.6954271566415721
52 88 3.456440355158183
52 89 1.426540718839201
52 94 1.077320828955489
52 98 8.540881165429983
52 100 72.35174862229847
52 102 0.3471710987389937
52 104 2.768787893106562
52 107 2.45713047548192
52 109 1.06527522052826
52 110 1.808871685817192
52 112 55.71234077406686
52 113 0.3420729282238794
52 124 10.6376829907486
52 125 22.75382981102817
52 131 14.1962170879861
52 132 9.570773830960954
52 137 0.7183771928010935
52 138 0.6957382583311561
52 139 67.87826442935176
52 141 12.45039342768719
52 145 2.500498469001896
53 1 4.063667918137932
53 8 0.7693145468334536
53 12 2.429284028462868
53 16 0.3424430302751049
53 18 3.433116431075879
53 25 0.6974675567215144
53 27 1.754397568463473
53 38 2.12687408933441
53 43 4.09127485988456
53 46 0.3412048314910655
53 50 5.382634735072458
53 51 0.3481438649000162
53 52 0.3496457135442259
53 53 109.3117095026006
53 55 3.068622561362996
53 58 0.3778290127025147
53 66 0.339818376179329
53 70 3.530257905712402
53 73 30.29314300206416
53 75 4.47201971219631
53 81 0.3407939055870177
53 83 8.09790263717221
53 84 0.7097096992210922
53 85 71.79476105503554
53 86 1.45018309543186
53 88 2.379152394904192
53 95 2.110656922813704
53 101 0.3629527264608421
53 102 2.048131425593159
53 106 15.72235266876615
53 113 2.691406906046821
53 114 13.28063512529249
53 117 2.386745050615392
53 119 0.3401786503654857
53 121 0.3401087355628961
53 128 0.3499265177537489
53 129 0.746595839288613
53 132 3.484125106757403
53 133 72.8085533618848
53 137 1.764833135857379
53 139 3.842211417568147
53 141 1.048866774329902
53 144 2.49912010424633
53 147 9.936898016282973
54 1 8.535045829336537
54 23 89.23664369474153
54 26 1.66494524234602
54 28 3.820955167153799
54 32 1.759597372408393
54 35 1.405854203826265
54 39 0.6980677628905071
54 42 1.766077878300214
54 45 0.3410871508532087
54 46 0.3440098294635904
54 52 7.051835556373748
54 54 293.5711817859924
54 55 13.06283723635449
54 64 4.222516880147602
54 69 1.432200528123908
54 78 0.3513631704361805
54 80 12.31905872414575
54 81 0.6871840067519117
54 83 11.56527553783079
54 84 1.431558046604302
54 88 95.94540740385115
54 89 0.7069243189820296
54 94 0.7117799070689087
54 99 0.6870739588565833
54 100 5.32464019155367
54 102 1.720815524850269
54 103 2.417409918316726
54 104 0.3431089958495531
54 107 9.046539537018262
54 112 17.23396039215331
54 113 4.748129365383146
54 117 0.3437647845203333
54 124 2.108713787289804
54 130 3.42310937789014
54 131 11.95992241619276
54 132 1.054012712149658
54 136 1.035881438953441
54 138 4.827882005941893
54 139 93.69375908645301
54 141 5.993656993866953
54 145 0.3540310180686618
54 149 2.398463849289026
55 1 341.9779627606012
55 9 1.763259918836872
55 12 24.09381717018368
55 18 2.043172195711535
55 19 1.706566123246651
55 20 9.924497364989877
55 23 36.76907944384057
55 26 11.47240625259793
55 27 0.6959479025575275
55 28 19.13509016478535
55 31 0.7029403053390784
55 35 21.08579016583956
55 38 16.87263502634636
55 42 18.41025781863745
55 43 2.705563116575935
55 45 8.055031290642068
55 46 23.35346936950753
55 47 1.025464727259367
55 50 31.038038069496
55 52 5.201398129156943
55 53 3.068622561362996
55 54 13.06283723635449
55 55 1239.889782503356
55 57 1.754414772177613
55 58 1.49784168271898
55 59 0.3269616346203126
55 60 0.3445880639660611
55 61 0.3373115201675995
55 66 20.8996731226875
55 69 0.3520391746940018
55 70 0.3500848144986629
55 72 0.3414128636982347
55 73 134.5283746412097
55 74 0.3374587634151146
55 75 6.824152800459951
55 77 0.2863887889026347
55 80 2.076969437097339
55 81 104.4579340208097
55 83 129.5383717363599
55 84 15.48283983695402
55 85 177.3599220261036
55 86 1.078332079798869
55 87 2.086674936457235
55 88 274.4413755441698
55 89 33.71733003640359
55 93 25.70339685066667
55 94 4.199387019305293
55 95 1.04656650800202
55 96 1.051882846091716
55 99 7.435965329491496
55 100 11.86823044149076
55 102 174.381192919935
55 105 1.347937169851639
55 106 6.780645677265857
55 107 24.98522781826497
55 110 5.287231092269448
55 112 10.37731512585572
55 113 353.7780289487443
55 114 2.426251392325856
55 117 49.71814876416705
55 118 0.6997216070642062
55 119 58.71564208680528
55 120 0.3414140336592378
55 121 2.024264329420952
55 124 3.456577960754678
55 126 3.36352016211694
55 127 0.6800186602630007
55 130 3.368116116199015
55 131 0.34595671643532
55 132 1.036640134111704
55 133 50.85983975896237
55 136 6.454279480473429
55 138 250.0406519320799
55 139 120.2049991713043
55 140 5.805980430389248
55 141 215.3236399779263
55 144 0.7080168405337852
55 145 1.044453568059835
55 147 13.93507043051837
55 149 0.6742554376549075
55 150 9.577633869096127
56 2 158.2167075333233
56 7 0.2360808891127966
56 14 3.344465372320581
56 30 0.7231391379689125
56 56 55.32164046303049
56 79 89.74402808521663
56 92 0.2407674065546892
56 108 0.241209174140055
56 115 0.4814681134371496
56 142 16.85353530465571
56 146 43.88076121463875
57 1 1.045282918230239
57 9 201.1807186595773
57 20 2.841613396518865
57 23 1.440873113819313
57 31 5.477592314902887
57 35 36.60926697503434
57 38 47.4785335106986
57 41 2.186645560663024
57 42 8.297064237239708
57 43 0.7017276716917769
57 45 0.3481003384906028
57 55 1.754414772177613
57 57 485.5666063605402
57 58 0.7801105397369926
57 69 1.097357291336293
57 80 0.718892001016692
57 81 0.7014188203759211
57 84 2.193712388573958
57 87 0.3611914900052468
57 88 0.3497412310220232
57 89 142.2333706728682
57 91 1.443568931393796
57 94 83.61217747979349
57 96 0.3642647588514748
57 100 69.97756093964597
57 102 1.053912418206666
57 110 171.4122248594718
57 112 0.7183506083559859
57 116 87.63220608154275
57 117 0.3508896586021673
57 118 125.3853364382068
57 124 0.7178057988252938
57 126 8.722006742820417
57 138 1.760092246371775
57 139 0.719432560208677
57 140 1.579422655680713
57 141 102.9789503161019
57 145 0.7231839994165539
58 12 4.19990943437235
58 18 0.3773022873085785
58 31 6.252476464777941
58 35 0.3836227369475462
58 38 58.23415036625765
58 42 1.157127601239377
58 50 0.3689887478476646
58 53 0.3778290127025147
58 55 1.49784168271898
58 57 0.7801105397369926
58 58 68.78330070722183
58 70 14.39549105700136
58 73 3.784230068860854
58 82 1.154383334683264
58 84 22.69483073081495
58 85 1.126716886647679
58 87 1.158665240187543
58 89 0.3860044621651097
58 94 4.666799575741062
58 96 13.25113494371639
58 100 1.939033969954664
58 106 0.7509302815639697
58 110 2.352190990672185
58 124 0.3836091502428621
58 126 1.488718137805373
58 132 0.7669433933296741
58 133 0.3755066588488458
58 137 4.667943640083064
58 141 8.08369861579683
58 145 0.3866828962297627
58 150 1.094218657699243
59 1 8.120708730701168
59 23 0.3350525838532399
59 37 1.296628185102145
59 47 0.3303323956007881
59 55 0.3269616346203126
59 59 1.898613492381183
59 61 0.3261184608083437
59 81 0.3268104966820379
59 83 0.9711018014732229
59 85 0.3278091975620848
59 88 18.25427847337932
59 102 6.219217847977631
59 103 0.3283946023762949
59 117 0.9809022108179603
59 130 3.582167415468859
59 136 0.6566997879647214
59 149 0.6518941027559974
60 1 0.3422194442397133
60 10 1.75122242104174
60 16 0.3461046926273525
60 19 0.3478061719466869
60 24 0.3457342725152166
60 27 3.192532152142256
60 46 3.44840400031327
60 47 1.045001536174421
60 51 16.8926530361799
60 55 0.3445880639660611
60 60 11.23866933544284
60 72 0.695820485514653
60 75 1.390788268065005
60 90 3.158481491861458
60 95 1.066923598205351
60 113 0.3399590911066563
60 117 0.3445936941810744
60 119 0.6875843206462232
60 120 1.043731534106511
60 128 11.3200660361999
60 134 4.551086344415055
60 148 20.39606717204063
61 1 169.1958424092952
61 13 10.44386115875197
61 24 0.6768194292697514
61 40 22.20532127627341
61 44 22.21839308413324
61 46 0.6751054203762442
61 47 0.3409002334377711
61 55 0.3373115201675995
61 59 0.3261184608083437
61 61 221.3603785760019
61 66 0.3361958514272836
61 67 3.687143717930861
61 88 7.397618959029121
61 99 42.13716497171535
61 102 1.013100757568201
61 105 36.96975893997345
61 111 20.22212383404869
61 113 10.65197545911727
61 117 1.011950479369855
61 130 78.60454701746303
61 135 6.731345600832704
61 136 65.04743452010136
61 138 3.383607350608191
61 149 3.698545987840288
62 6 7.096055423999322
62 17 1.063680522640887
62 32 1.063687507680359
62 52 1.776223033109855
62 62 6.385340305964676
62 64 4.963259443173921
62 98 1.776824870472995
62 109 9.928481500937517
62 125 2.840194748369351
62 131 0.7088058160948331
63 1 1.016239553696822
63 10 13.17109607476286
63 24 2.053145104098392
63 46 6.48496593455052
63 47 11.03157943961684
63 63 14.44671320846387
63 72 2.410249888394308
63 90 9.029562618538799
63 95 0.3518922884910784
63 99 6.476122536131077
63 105 2.718538883730513
63 117 9.89111085985582
63 120 17.21611334793604
63 130 0.3396414485714024
63 134 2.771596187675258
63 136 0.3425777646884847
64 3 0.7086835099139839
64 6 18.43816870525808
64 17 44.64651456974521
64 23 0.7102909979065166
64 32 51.37927150286443
64 54 4.222516880147602
64 62 4.963259443173921
64 64 194.154339478458
64 71 3.89776562112674
64 80 0.7087885016979938
64 103 0.6953496779034199
64 109 73.70818037568125
64 131 12.75050864762997
65 4 2616.353528396144
65 22 187.1624724231615
65 65 253.5774391512346
65 97 783.9213966820798
65 122 1.660321977441611
66 1 4.687543125438286
66 7 0.2770751715241105
66 35 0.688995080364749
66 45 0.3345222266468834
66 46 0.3373330222493491
66 53 0.339818376179329
66 55 20.8996731226875
66 61 0.3361958514272836
66 66 4.031734017093403
66 77 0.5711694686642931
66 81 1.010793759388962
66 83 0.3336261862826259
66 84 0.3506693003351832
66 85 1.351970781779554
66 88 2.688298652744066
66 89 5.889083554609404
66 93 2.022486128710256
66 94 0.3487488750268057
66 100 1.73935464344951
66 102 1.012441048422404
66 108 0.8524995490608035
66 113 21.9555950868834
66 119 0.6726597300636024
66 136 0.6771350449356661
