%%MatrixMarket matrix coordinate real general
%
150 150 4167
1 1 305.8123337727153
1 16 0.3228435621701531
1 32 11.307715294667
1 33 1.323852393495167
1 40 11.57935806333854
1 41 0.3301770686446239
1 45 0.329461467103247
1 50 2.976623175554272
1 58 0.3577288532472468
1 60 22.90528618711187
1 61 0.6639247081551922
1 63 0.6510114503675324
1 65 0.3327629179547492
1 72 5.204467236499291
1 75 5.709461699068376
1 77 31.95794798853594
1 79 13.6215774955298
1 84 4.21957814764984
1 86 55.08430553310319
1 89 0.6563309303826245
1 97 1.339572960064797
1 100 0.6504909805534906
1 102 11.13825917653966
1 106 0.3335228441481367
1 111 0.3267141029758302
1 118 67.98628812563047
1 121 22.74995405527062
1 124 39.19346340881773
1 128 5.30967449648082
1 129 0.3651019991723631
1 130 38.74812483151322
1 131 1.302017484678638
1 133 0.325806429079423
1 135 10.10095605088342
1 145 12.75014239054916
1 146 200.2563498362582
1 148 1.312299095379338
1 149 0.3281748191978978
2 2 1838.780406162961
2 21 82.03819358849225
2 42 2.443276281767864
2 48 326.7285664360673
2 82 2022.359614278467
2 107 1708.170392035881
2 109 10.066324939906
2 137 6.666434011661706
3 3 17419.315713368
3 27 42.83555684662777
3 36 60.46809973159043
3 74 33.14680272299038
3 93 2644.124697103593
3 127 4676.910229405088
3 136 2.427762692049148
4 4 804.3130599760312
4 29 3.232834208842233
4 47 0.3788491493787522
4 51 86.56710805827014
4 76 106.7510088854804
4 101 79.14025820006133
4 123 41.0578179488342
4 144 2.824321469158002
5 5 740.1767005859749
5 37 28.3520657379026
5 39 1.026358103344481
5 44 63.12325107352019
5 83 36.54113858716354
5 112 0.3399302817810372
5 115 0.6764727821787165
5 116 5.13909475954459
6 6 1.436025513396002
6 31 0.3610254142021519
6 34 1.40189513557097
6 41 1.41559426210278
6 52 1.056072615923347
6 59 1.507367650338777
6 71 0.7086113011982601
6 76 0.3796060327318303
6 85 0.7010993457040106
6 89 2.461135326043837
6 92 0.3511364664229046
6 101 1.141320747993206
6 106 1.430981772043173
6 114 2.145686031532557
6 141 0.3546150460084718
6 144 0.3801747545833002
7 7 1484.870954521778
7 18 4.646674189055867
7 27 35.15740968749341
7 36 0.710500889713427
7 46 6.805309613871367
7 57 1.538349556218675
7 74 1267.189956660672
7 80 7.958835733391071
7 93 1.431473342680829
7 95 1.563582698565262
7 99 3.643210375024794
7 105 56.38501243953515
7 127 14.30855423343033
7 129 0.5154818017899827
7 136 3.482180759163704
7 145 0.458436955820916
8 8 190.4534956744152
8 23 0.8004077154953012
8 26 0.8166508477533854
8 45 0.3711398474999401
8 54 5.609736071683903
8 55 1.978596390787486
8 56 15.74672193598323
8 64 1.166597508575724
8 126 2.804291531442383
8 138 96.79493028066994
8 139 23.14733408437741
8 144 28.08359111142898
8 147 0.3834761465731058
9 9 3.689138482756152
9 60 1.065475993282123
9 69 0.3679847562155125
9 91 11.97406405054753
9 104 10.23124489419907
9 146 0.3532764501767691
9 149 0.3562846300697011
10 10 46.97976852618058
10 30 5.810835690899999
10 50 35.92533470784557
10 72 0.3493921771988122
10 103 37.56793650694808
10 111 0.3510478575322292
10 117 1.066143230882167
10 132 0.8288182851309758
10 142 40.24789234334445
11 11 260.029701497089
11 33 0.7068579507300612
11 43 3.198785123990048
11 49 78.5270581211345
11 60 0.3491631131054597
11 68 126.4340420118669
11 81 119.3089256950702
11 88 204.4551314152525
11 118 1.340009965857166
11 121 1.089720229117994
11 135 0.6951792993712964
11 142 0.3599687786165072
11 146 0.6946845773014921
11 150 14.95834417966428
12 12 548.5126072629198
12 15 0.3638563194933363
12 22 1.028805132501436
12 32 45.92247693102852
12 34 14.47873335635805
12 39 5.174733327289552
12 41 3.13240207369929
12 44 2.064325798693127
12 45 3.125247614276939
12 47 2.465625896108808
12 50 0.6973322234673801
12 52 5.539699108451592
12 56 0.7337919586543586
12 60 0.344759988198969
12 62 1.71896251433071
12 63 1.028579768186437
12 64 3.989929688729495
12 67 0.3421558804694456
12 72 0.6852139774173021
12 73 208.8590498742786
12 75 0.3336485109353889
12 76 0.3728768839040069
12 77 2.404641398483697
12 84 0.3418355051438471
12 85 2.758440114737029
12 89 273.8830697525116
12 91 0.7253271729859152
12 94 0.3445678017253934
12 98 8.636446724707437
12 100 10.27713465341857
12 106 0.7035283675453647
12 111 9.981771500637134
12 112 1.028269399374861
12 113 3.468598426545466
12 115 1.364139856797803
12 116 364.8240935686098
12 119 81.23926431196301
12 120 0.6927571131878677
12 122 21.9422115219621
12 123 0.7452268063301175
12 124 2.064521824244859
12 131 0.3428577599124832
12 133 4.118302442104527
12 141 0.3487359041814265
12 144 0.7468497602904571
12 146 0.6859706496076566
12 147 8.950636933152461
12 148 168.3610660166106
13 13 3.118748207599772
13 42 13.62452663061296
13 48 2.340226991560924
13 66 6.057494991595715
13 78 18.29090866283486
13 106 0.4892780378506319
13 109 11.55993960124949
13 137 11.87234071846379
13 140 9.055826777198668
14 14 28.82027668605061
14 25 0.3431730448285039
14 32 6.425895487443995
14 37 16.09441760113674
14 38 1.36923334572967
14 39 2.057791212345715
14 41 1.037975420659029
14 44 1.026144136935433
14 50 0.3466059448017886
14 52 11.01438353383066
14 62 10.25368388594484
14 63 0.3408674789558925
14 77 0.3415201364102947
14 83 8.901069104026366
14 84 0.6797084701809991
14 85 4.799064523836116
14 87 1.715821914792922
14 89 0.6875694363430979
14 94 42.13431893893631
14 96 0.3465461471940808
14 106 0.3496676126792728
14 111 2.737524873157632
14 112 0.3407651846884487
14 115 13.90161210627484
14 116 10.99054329127874
14 117 2.077836630859156
14 120 0.344345233128096
14 124 4.447043044329781
14 125 18.82898053330431
14 133 35.82552188369601
14 143 12.96573028129662
14 146 0.6819827771313504
15 12 0.3638563194933363
15 15 9.173684868484566
15 41 2.918617566942881
15 51 0.3920212456278799
15 55 8.138782486805624
15 56 1.542376907845703
15 64 13.33449690388187
15 76 0.7844110471641537
15 89 1.449498258387069
15 90 23.3757004917548
15 101 1.179293935244156
15 113 2.544678444462693
15 114 0.7375542276305425
15 116 1.086021062270755
15 144 10.60591529077173
15 147 0.7516184039116294
15 148 0.362264678720482
16 1 0.3228435621701531
16 16 431.5016485186869
16 32 6.663978005457167
16 35 1.00902321448477
16 44 3.706210636126483
16 45 0.6799833035321889
16 72 1.006621128730766
16 75 21.90513377506913
16 84 4.352394029915835
16 100 63.41056653239592
16 112 18.12690202453494
16 115 1.336128037940598
16 118 0.3243502218964162
16 131 0.3357806448368211
16 148 0.6770317518019582
17 17 61.60168576633409
17 32 0.6755655084747404
17 34 13.6913810879647
17 39 0.6850618723240316
17 41 2.418853686815412
17 52 3.43762693934526
17 62 26.96734168292701
17 73 45.51336675277248
17 85 21.22613804957313
17 89 9.270434132959423
17 92 19.54613830003513
17 111 9.911020397118403
17 116 5.145292500242522
17 119 0.343238090059991
17 125 36.58468702640513
17 143 0.6815475042496507
17 148 0.3432496737374861
18 7 4.646674189055867
18 18 996.3445995433965
18 26 6.854290500474884
18 57 23.97968936661908
18 58 0.8547631847497412
18 77 0.3830029593174351
18 80 18.84959347510689
18 95 0.4420600539521258
18 99 67.99580460344275
18 108 52.91761727790595
18 110 56.53547320053816
18 128 0.7819267893167957
18 129 207.586808800409
18 145 1.584302517067904
18 146 0.3823389457026687
19 19 6.205076884738101
19 32 1.69496891211723
19 43 0.3496139906292048
19 49 0.702166661764725
19 50 3.82178128537395
19 60 10.30666248840939
19 63 1.366674162233564
19 66 1.219516123952275
19 68 3.50320514363811
19 84 0.681301509021632
19 86 3.717460490709552
19 87 3.783745495402117
19 88 3.503605455977319
19 106 0.3505113549444038
19 111 0.6859961906707976
19 118 0.9895153899464602
19 124 2.057324379669439
19 133 5.813975131191663
19 135 9.576943657357541
19 146 0.3417944146000728
20 20 47.62211241351625
20 26 4.374329660741912
20 27 0.5547082295548742
20 32 0.3858908024875754
20 46 22.83152676545454
20 57 0.4453609667316484
20 63 0.3893605668534812
20 74 4.317300300223482
20 77 1.170634880562189
20 80 57.80012337812227
20 91 0.8302050960296122
20 99 17.14331373788288
20 105 8.08051762508698
20 110 0.8884157092688095
20 129 54.58261184839869
20 136 0.5776554258358614
20 145 5.653052762458321
20 146 0.3895231346886609
21 2 82.03819358849225
21 21 4.410758527691724
21 42 4.800830569194338
21 48 45.44875419893086
21 78 7.612051371956971
21 82 223.5460425233524
21 107 122.5009835695445
21 109 2.816812288136104
21 137 5.231144333397705
22 12 1.028805132501436
22 22 33.88120175969648
22 26 3.37094471077371
22 32 7.058297203381561
22 35 0.3393070935330991
22 40 0.3445170072255473
22 41 12.03295325859278
22 52 0.3420292394760472
22 60 30.65335704416369
22 62 0.6792971562447045
22 63 3.04865071010847
22 64 0.7162232155389906
22 65 11.78450866062463
22 73 0.6809742861159344
22 77 126.5898015047565
22 80 3.510499299617306
22 84 0.3377388068852303
22 86 0.3350845995520095
22 89 0.341620204586865
22 91 6.445009318259699
22 97 3.140235026084419
22 99 1.153657116912388
22 100 0.6769122913940927
22 102 8.866044674538548
22 104 0.7000018316573901
22 106 0.3474281284227096
22 111 20.4027345312309
22 113 15.76154842974176
22 115 0.6739131510234775
22 116 6.484572555902036
22 124 10.53802554581792
22 131 1.016208552914645
22 133 6.44218971195215
22 145 12.58585402613158
22 146 59.97847108141968
22 147 0.3535347520000592
22 148 4.098250163648459
22 149 1.024885917904801
23 8 0.8004077154953012
23 23 12.05946540261064
23 29 1.614441612996918
23 41 0.3735858534400462
23 47 0.378415291330662
23 54 37.02811831850433
23 55 0.7949203235097125
23 56 1.581561068846543
23 64 2.343276398011828
23 70 2.398100945545154
23 90 2.357291634191292
23 101 2.016424160276518
23 123 3.618340482104872
23 126 21.32700986509665
23 138 5.601347742886153
23 144 69.71601728926784
24 24 141.6247344188186
24 30 0.3879995887065685
24 32 4.802543883859567
24 41 2.65116121670952
24 42 0.5513049198447809
24 50 4.553680572832941
24 52 1.129774174150353
24 59 3.646199684765129
24 66 14.4340500582759
24 71 1.516817384383061
24 85 0.3749043511537568
24 89 6.393618458743637
24 94 0.3746232537287796
24 96 0.7588044579032129
24 102 1.126039369531481
24 103 1.94890082402946
24 106 27.20339614997395
24 115 0.3704512747316266
24 116 0.3756988838716042
24 120 1.130298644804858
24 124 5.984894103533795
24 132 15.19946033669061
24 133 2.237987285358165
24 134 0.7941452149084478
24 140 8.54883697166628
24 144 0.4089861482173828
24 146 0.3727543989061452
24 147 0.3905863385378102
25 14 0.3431730448285039
25 25 305.4905295557071
25 32 7.103827221801135
25 34 0.3427921038023112
25 37 2.055051964525714
25 39 2.744313968000712
25 44 0.3421220971634009
25 52 19.96792284636397
25 62 3.760497267988281
25 71 0.6929130950663208
25 83 0.3424229645841579
25 85 16.457506574877
25 89 34.72985651818019
25 94 27.4103719653762
25 100 0.340655588820382
25 112 1.363354693761179
25 115 1.017409275342632
25 116 91.37877877739088
25 117 1.731908614336247
25 119 3.093731914075922
25 120 11.36587874110289
25 125 1.369677073252858
25 133 4.777768931774759
25 143 0.6825534708110554
25 146 1.023196357022305
25 148 0.3437599276638563
26 8 0.8166508477533854
26 18 6.854290500474884
26 20 4.374329660741912
26 22 3.37094471077371
26 26 166.6480086452495
26 32 0.371248751104269
26 41 8.755010561643655
26 53 3.33883169545727
26 55 1.216404627453939
26 56 0.8066337372361677
26 57 9.371373857555193
26 58 5.012930442955805
26 60 0.7534528055936106
26 64 4.381046616721854
26 65 1.152279448786067
26 70 0.4077861014780149
26 77 16.88610431437613
26 80 122.2542049616063
26 90 0.8014146952447352
26 95 20.29274273443662
26 99 37.08797138820937
26 102 10.1851245118733
26 108 0.8545055925168332
26 110 2.974411818157739
26 111 0.752114073196977
26 113 2.654651677088263
26 116 0.3775834547804955
26 124 2.631465052292902
26 128 3.063069368383461
26 129 28.23713320136446
26 138 1.22464050163747
26 144 1.644878908288264
26 145 17.4503724644002
26 146 5.619135754522007
26 147 0.7852467206662387
26 148 1.511449755892381
27 3 42.83555684662777
27 7 35.15740968749341
27 20 0.5547082295548742
27 27 135.0584302025309
27 36 3.783502647329096
27 46 41.13433067332161
27 74 218.7679888787177
27 80 19.45742374061641
27 91 2.958703116676574
27 93 63.2971394345238
27 105 29.39436560507884
27 127 143.3071625798661
27 136 15.55568450860697
28 31 0.3564277207422692
28 52 0.3476529217638821
28 60 0.6923406068593333
28 89 0.347230333821099
28 91 0.3642237693827757
28 104 0.3558927282830031
28 106 5.298506626280219
28 118 0.3322475940669254
28 124 2.072955236672887
28 133 0.3445887034886835
28 135 0.3446242910668414
28 146 0.3443811650605286
29 4 3.232834208842233
29 23 1.614441612996918
29 29 72.13477174485418
29 51 3.230222037605091
29 54 6.465788537148542
29 55 0.3990531405254941
29 56 0.793932862578154
29 64 10.1941485977269
29 76 19.39078061930164
29 90 0.3944397699804555
29 101 85.43870288845143
29 123 8.476993731953192
29 124 0.3704013119077149
29 126 8.080554491783436
29 138 4.418800334906147
29 144 80.92379386349494
30 10 5.810835690899999
30 24 0.3879995887065685
30 30 81.02793440978382
30 50 13.58253984882158
30 103 74.77941137443467
30 111 0.7054832431261419
30 132 0.4167671241338012
30 142 34.25366880313684
31 6 0.3610254142021519
31 28 0.3564277207422692
31 31 182.9839175058584
31 32 3.128640601154169
31 45 0.3550276041060416
31 50 8.556202356341654
31 52 28.67099044492667
31 59 14.40445098176538
31 66 10.47456578067563
31 71 4.631512517340474
31 78 1.547445823760115
31 87 0.3528685162355551
31 89 3.181721214009951
31 94 2.465571833634163
31 96 7.841799933763919
31 106 56.12071909783415
31 111 1.759194747401232
31 115 0.3485339596511084
31 116 1.412700626191295
31 117 22.08384309997643
31 124 0.3517223271723481
31 125 0.3520020595816162
31 132 0.4155085302646965
31 133 10.17281789419579
31 134 2.231991471237033
31 135 0.3508238137904125
31 140 2.508067237541311
32 1 11.307715294667
32 12 45.92247693102852
32 14 6.425895487443995
32 16 6.663978005457167
32 17 0.6755655084747404
32 19 1.69496891211723
32 20 0.3858908024875754
32 22 7.058297203381561
32 24 4.802543883859567
32 25 7.103827221801135
32 26 0.371248751104269
32 31 3.128640601154169
32 32 3396.513083086529
32 33 0.6837100399788507
32 34 2.364844320233229
32 35 2.356175035252831
32 37 6.413634183559626
32 38 0.6748730412136607
32 39 13.18493520268855
32 40 1.708611795859171
32 41 34.10159631362018
32 44 21.57978384095346
32 45 25.17869960714138
32 47 2.415244341227226
32 50 66.61449155582017
32 52 50.21265722401778
32 56 1.077280150072414
32 60 20.27169863363882
32 62 73.45138679529472
32 63 59.4785353777255
32 64 3.550933842552355
32 65 0.6875496929020192
32 67 26.82886254513104
32 71 16.04551895419682
32 72 72.19579616228712
32 73 39.85546345861043
32 75 161.9557791265929
32 77 165.30546072378
32 80 0.3864766361275088
32 83 0.6749517750438503
32 84 132.3457889116383
32 85 9.799262857801738
32 86 3.989280259912644
32 87 5.412309488456444
32 89 247.0378129208374
32 90 1.785117908729282
32 91 0.7100764881847818
32 92 0.6768962613947234
32 94 64.15866305988671
32 96 2.390884203021441
32 97 0.3460501210779107
32 98 2.031192575712276
32 100 170.5658477238138
32 102 9.133129134543609
32 106 32.39110802547475
32 111 151.1208083088436
32 112 43.3359515448101
32 113 12.23561818634063
32 114 0.3444650758791307
32 115 305.2010549242528
32 116 578.2448793917578
32 117 5.461140868863589
32 118 2.921286337439549
32 119 6.775274490692379
32 120 22.74091238848211
32 122 2.047502910140129
32 124 181.0847724985123
32 125 6.411985176416807
32 128 5.142092663063187
32 129 0.3784019111270959
32 130 0.6665206456168823
32 131 41.33226164883953
32 132 2.767910554809353
32 133 592.6588100199218
32 134 1.423238500165771
32 135 17.49225944619191
32 140 0.397680403156311
32 142 0.6959390328728279
32 143 21.52726654436771
32 144 2.192070870632121
32 145 9.014984650322321
32 146 199.0054767084924
32 147 1.752959763629473
32 148 237.1423971042666
32 149 0.3388809439684695
33 1 1.323852393495167
33 11 0.7068579507300612
33 32 0.6837100399788507
33 40 0.3505569083645262
33 43 0.3526583435765637
33 49 3.187386301320709
33 50 0.3504413385219233
33 60 0.6929888348515791
33 68 1.060130104402297
33 79 0.416762534896696
33 81 1.06011178196798
33 84 0.3435413776030861
33 88 1.767091352776828
33 97 1.775559717911417
33 102 0.3469187069036219
33 115 0.342733118418251
33 118 0.6650924296035552
33 121 6.846728141503877
33 124 2.074891850829297
33 131 0.6891464621379347
33 133 0.689821371282942
33 135 2.069680462712868
33 145 0.7116564507576832
33 146 5.859956938017731
34 6 1.40189513557097
34 12 14.47873335635805
34 17 13.6913810879647
34 25 0.3427921038023112
34 32 2.364844320233229
34 34 225.2580375780641
34 39 2.055506411049564
34 41 4.147251985676764
34 45 0.6896402201844399
34 47 0.6994653044872007
34 52 8.595402357148394
34 55 1.097816936931312
34 62 0.682821770008134
34 63 0.3404916365380833
34 64 1.800355724201032
34 71 1.383970298289102
34 73 52.36557759340793
34 76 0.3700772444868576
34 77 0.3411428538166044
34 85 41.43161216182494
34 89 72.45794791918188
34 92 41.84206429377755
34 94 0.3421757682110489
34 101 1.483485669175122
34 106 0.6985428621950636
34 111 3.07630796398165
34 114 5.237199718649696
34 116 36.36570168120167
34 119 12.70177480599587
34 120 0.3439616869681453
34 122 15.90888019628076
34 125 0.6839305265166487
34 141 5.88684599570799
34 144 0.7412338216924691
34 147 0.7108867729514075
34 148 9.269174304831523
35 16 1.00902321448477
35 22 0.3393070935330991
35 32 2.356175035252831
35 35 25.82506321804368
35 41 0.3443082533766022
35 52 0.3425331936705602
35 62 0.6802921179677246
35 65 0.3471211278481648
35 73 2.045926031361272
35 75 0.3302129557749537
35 77 2.039277942900337
35 84 0.3382301882561471
35 89 0.3421229540534189
35 100 51.52048800300971
35 111 1.362176605470033
35 113 2.745188396354117
35 115 0.6748923932611414
35 116 5.468726847668053
35 133 0.3395581770874693
35 146 0.6787121480709237
35 148 14.36499847920175
36 3 60.46809973159043
36 7 0.710500889713427
36 27 3.783502647329096
36 74 2.915854198976894
36 93 9.90753959829344
36 105 1.334348895616222
36 127 37.13511202516819
37 5 28.3520657379026
37 14 16.09441760113674
37 25 2.055051964525714
37 32 6.413634183559626
37 37 182.5066172368091
37 39 26.01490586882134
37 44 56.32898990309015
37 52 1.030593165071203
37 62 12.96295307156411
37 71 0.3457040720885694
37 73 0.3419763682505352
37 83 130.8662826045834
37 85 18.47487255907307
37 89 3.431182813729794
37 94 61.19889687071409
37 112 1.020329938750239
37 115 16.92074524746863
37 116 90.49627333860241
37 119 1.372028053799156
37 125 11.27556481200567
37 133 5.448617968071167
37 143 0.3405466291192398
38 14 1.36923334572967
38 32 0.6748730412136607
38 52 0.6868071281438244
38 60 0.6839119441776166
38 62 0.341003708401519
38 85 0.3419999840449977
38 96 0.345738384832633
38 106 0.34884525192335
38 115 0.3382904168492024
38 116 2.055976882362892
38 131 0.3400836366027146
38 133 3.063726703192229
38 143 1.021265821350243
39 5 1.026358103344481
39 12 5.174733327289552
39 14 2.057791212345715
39 17 0.6850618723240316
39 25 2.744313968000712
39 32 13.18493520268855
39 34 2.055506411049564
39 37 26.01490586882134
39 39 265.3517601864519
39 41 1.037568061725516
39 44 19.14725951100846
39 52 2.064391041291628
39 62 11.95799466841967
39 73 10.96017717023781
39 83 1.368863329337031
39 84 0.6794464856490584
39 85 20.90208488942937
39 89 5.49841836042184
39 94 4.793912619952598
39 98 6.522726721024997
39 100 4.425855693547882
39 111 0.6841155498946815
39 112 1.021900601698095
39 115 8.134398227863711
39 116 295.9424466428981
39 117 1.03851068738049
39 119 4.12247680452271
39 120 0.3442109603252432
39 125 2.395486851813584
39 131 0.6814660008439616
39 133 3.410634402210717
39 143 0.6821420026703544
39 148 2.748405418062413
40 1 11.57935806333854
40 22 0.3445170072255473
40 32 1.708611795859171
40 33 0.3505569083645262
40 40 77.7925392664368
40 45 1.046614543655095
40 50 0.7006024052917814
40 60 1.039074669977817
40 61 14.06714647652152
40 62 0.6907638250602326
40 63 0.3444408827647922
40 72 0.344185887090191
40 75 3.01630708510965
40 77 13.45917377029846
40 84 1.717032222787436
40 97 4.614593451506257
40 116 0.3470826172848008
40 118 0.6648408233442366
40 121 56.91266794646326
40 128 2.460897326819543
40 131 5.166577018473901
40 135 0.6896217434989916
40 145 1.42273884987221
40 146 23.08604708673071
41 1 0.3301770686446239
41 6 1.41559426210278
41 12 3.13240207369929
41 14 1.037975420659029
41 15 2.918617566942881
41 17 2.418853686815412
41 22 12.03295325859278
41 23 0.3735858534400462
41 24 2.65116121670952
41 26 8.755010561643655
41 32 34.10159631362018
41 34 4.147251985676764
41 35 0.3443082533766022
41 39 1.037568061725516
41 41 95.60796163264631
41 45 4.873891941747827
41 50 5.243383775928668
41 52 13.19023088833963
41 55 1.10902296216172
41 56 0.7357688694385349
41 57 0.386641658218168
41 59 0.742434170017083
41 60 12.78839941996822
41 62 0.3446607896046453
41 63 1.031168768495464
41 64 19.63910312066391
41 65 5.629177403770145
41 66 1.228247759016648
41 71 4.890620009633518
41 72 0.343469322062959
41 73 14.1664812013056
41 77 44.42583724246958
41 80 2.77675123730501
41 84 0.6853854612272319
41 85 2.765423449286055
41 86 0.3399611638521263
41 89 69.33799364378299
41 90 12.7999153009051
41 92 6.23244060624461
41 94 1.036318025829472
41 96 1.397993292476508
41 97 0.3542065370357309
41 98 0.3463340231529581
41 99 4.6918739313441
41 100 0.6868644816461122
41 101 2.248251884373649
41 102 8.99739120058068
41 106 48.31621370576646
41 111 25.53509638763508
41 113 28.16718894958056
41 114 1.762727046046931
41 115 3.418888117423663
41 116 23.55204613281244
41 117 2.095522303494352
41 118 0.9952562612386433
41 119 0.3465766267522713
41 120 3.47259768815277
41 122 0.3491801034179426
41 123 0.373633996412699
41 124 72.0958436555558
41 125 1.03567645740487
41 128 0.3508095568298953
41 130 1.363275896334719
41 131 0.3437209048336108
41 132 1.624405868411208
41 133 18.92310433156447
41 134 0.7288757273595264
41 135 0.6881827973158874
41 141 0.3496289373725135
41 144 2.246690664779941
41 145 3.194273193029999
41 146 14.44167842872502
41 147 1.076899675085177
41 148 32.23269165987508
41 149 0.69339771460435
42 2 2.443276281767864
42 13 13.62452663061296
42 21 4.800830569194338
42 24 0.5513049198447809
42 42 32.9779102991964
42 48 7.318860478155568
42 50 0.9831436064164971
42 59 1.606531164185309
42 66 20.42040803624435
42 78 45.37800635323637
42 82 2.444565865370779
42 106 0.9955049999586792
42 107 1.218697523531196
42 109 25.69380815223067
42 134 0.5215197159483764
42 137 36.70058406664378
42 140 6.783526508196038
43 11 3.198785123990048
43 19 0.3496139906292048
43 33 0.3526583435765637
43 49 5.342302405985127
43 68 1.421470590092694
43 81 1.421445931490001
43 84 0.3454231879623125
43 88 8.529830174064948
43 135 1.387372755748397
43 146 0.3465981551239031
43 150 0.7107323196736987
44 5 63.12325107352019
44 12 2.064325798693127
44 14 1.026144136935433
44 16 3.706210636126483
44 25 0.3421220971634009
44 32 21.57978384095346
44 37 56.32898990309015
44 39 19.14725951100846
44 44 263.2549091015984
44 52 1.029426481395869
44 62 25.2152660549114
44 63 0.3398305840448606
44 73 3.0743170271767
44 83 42.32153276244085
44 85 0.683482250210413
44 89 6.169145578612554
44 94 25.27159366379671
44 98 2.054294988141691
44 100 33.27558788717432
44 111 0.6822908982206467
44 112 11.55077734047939
44 113 0.3437598799785405
44 115 44.28291469799925
44 116 144.4934998769369
44 117 0.6904705596219539
44 119 0.3426194282095296
44 125 0.3412991307508055
44 131 4.417768030815338
44 133 4.081879217793008
44 148 1.02789228827042
45 1 0.329461467103247
45 8 0.3711398474999401
45 12 3.125247614276939
45 16 0.6799833035321889
45 31 0.3550276041060416
45 32 25.17869960714138
45 34 0.6896402201844399
45 40 1.046614543655095
45 41 4.873891941747827
45 45 29.17653708723145
45 47 0.7046493315786525
45 50 0.348757124622536
45 52 0.3463207673192586
45 55 1.106332720362939
45 56 3.302965133802246
45 64 2.902555095473213
45 67 0.6844863237387354
45 71 0.3485293189971149
45 72 1.370779602715214
45 73 2.068443817292406
45 75 0.6674611728167665
45 77 2.748864239729921
45 84 0.6838442335072334
45 85 0.3448942881820338
45 86 0.3392025718894324
45 89 21.09997188773835
45 90 1.45933664467127
45 100 3.426587257500116
45 102 2.416874866930622
45 106 0.3518570868238171
45 113 2.081698239560447
45 115 0.3411220137739255
45 116 2.418966071034347
45 120 0.3464683555108083
45 122 0.6967586611995246
45 124 8.604379754818682
45 126 0.373025914072533
45 128 0.7000023863774604
45 129 0.7743758738413578
45 131 0.3429454601529116
45 133 2.059678490077391
45 144 4.482341777428344
45 145 1.06227628083411
45 146 0.3430739187125248
45 147 5.7299366707708
45 148 33.54258020603571
46 7 6.805309613871367
46 20 22.83152676545454
46 27 41.13433067332161
46 46 1424.540707332161
46 74 30.67656396833017
46 80 125.0837223366354
46 91 9.195445473774372
46 93 1.276251896669043
46 99 3.347190799206469
46 105 25.34007941371388
46 127 5.103066574210588
46 129 5.213663813515445
46 136 1.245479624306193
47 4 0.3788491493787522
47 12 2.465625896108808
47 23 0.378415291330662
47 32 2.415244341227226
47 34 0.6994653044872007
47 45 0.7046493315786525
47 47 2.144727097334434
47 52 0.3512769662556648
47 55 0.3744040550403975
47 56 3.725655429762395
47 64 4.050877243239116
47 71 0.7070969238056841
47 73 0.6993008943798005
47 89 16.84053672595929
47 90 1.481351425161779
47 92 0.7007810773950904
47 100 0.3475100935554607
47 101 2.277399517778098
47 122 8.481467605746282
47 123 1.513850102917125
47 131 0.6956077823753134
47 133 0.3481488155432582
47 141 0.3538553330623925
47 144 5.689493746926683
47 147 5.814759569878352
47 148 0.7014802666186116
48 2 326.7285664360673
48 13 2.340226991560924
48 21 45.44875419893086
48 42 7.318860478155568
48 48 562.5025204952789
48 78 9.034177901023277
48 82 512.9438978443004
48 107 308.8280331531157
48 109 2.870959074410147
48 137 17.30422298651334
49 11 78.5270581211345
49 19 0.702166661764725
49 33 3.187386301320709
49 43 5.342302405985127
49 49 56.51347934148166
49 68 58.88653833610065
49 79 2.108271800214479
49 81 34.97442679267933
49 88 99.58337668568625
49 118 2.01392399447493
49 121 33.12453298433307
49 133 0.3482556254761233
49 135 1.044872569580995
49 146 2.088256400804653
49 150 8.565289982810951
50 1 2.976623175554272
50 10 35.92533470784557
50 12 0.6973322234673801
50 14 0.3466059448017886
50 19 3.82178128537395
50 24 4.553680572832941
50 30 13.58253984882158
50 31 8.556202356341654
50 32 66.61449155582017
50 33 0.3504413385219233
50 40 0.7006024052917814
50 41 5.243383775928668
50 42 0.9831436064164971
50 45 0.348757124622536
50 50 182.7971687964534
50 52 35.8161558625185
50 59 2.231548194639874
50 60 6.578666648632936
50 62 0.6905395496799442
50 63 2.754632023659086
50 66 4.102768709361076
50 71 16.79790384139469
50 72 9.634087342048613
50 73 1.038410735761832
50 75 0.3350396667997216
50 77 6.89990872655952
50 84 12.35865287944862
50 85 0.6925823781891167
50 86 1.021661285621621
50 87 23.92047901105001
50 89 16.323419964114
50 94 11.76576114328144
50 96 9.103257239707998
50 100 0.6880752371074744
50 102 0.3466684073473552
50 103 81.4806449315584
50 106 42.75068686368599
50 111 18.32103905842112
50 112 2.065349619275003
50 113 0.3483639408332502
50 115 6.164794607517035
50 116 5.551508910556487
50 117 41.98558460806689
50 118 1.329268126623039
50 119 0.3471927866766858
50 120 13.21939091269996
50 121 0.7201691778448991
50 124 30.75545249672485
50 131 1.032981507765131
50 132 13.02233178878544
50 133 86.51066822459811
50 134 0.3651199214404627
50 135 10.34100475104436
50 140 0.8186906970416665
50 142 35.33006652476172
50 143 0.3446721177712053
50 145 1.066696507112971
50 146 13.7782482292321
50 148 2.083227744540306
50 149 0.3473156786507559
51 4 86.56710805827014
51 15 0.3920212456278799
51 29 3.230222037605091
51 51 398.2904031336459
51 64 14.06528336098953
51 76 183.9468315934319
51 89 0.3711556065821172
51 90 0.3930429941254509
51 101 106.5109985847863
51 122 0.3740106642685093
51 123 52.28646498279182
51 144 19.35116291982323
52 6 1.056072615923347
52 12 5.539699108451592
52 14 11.01438353383066
52 17 3.43762693934526
52 22 0.3420292394760472
52 24 1.129774174150353
52 25 19.96792284636397
52 28 0.3476529217638821
52 31 28.67099044492667
52 32 50.21265722401778
52 34 8.595402357148394
52 35 0.3425331936705602
52 37 1.030593165071203
52 38 0.6868071281438244
52 39 2.064391041291628
52 41 13.19023088833963
52 44 1.029426481395869
52 45 0.3463207673192586
52 47 0.3512769662556648
52 50 35.8161558625185
52 52 287.2957893628552
52 59 4.060707389424634
52 60 2.750751782140425
52 62 6.857638889532772
52 63 1.367816002408372
52 66 1.627642228624771
52 71 40.65786203295881
52 72 0.3417028797746973
52 73 8.249679739606833
52 77 3.083497509281695
52 83 0.686888673249193
52 85 19.25779872319896
52 87 1.377064010384956
52 89 83.80838397334308
52 90 0.3637113508100244
52 92 1.722257484617325
52 94 105.1577375612131
52 96 7.996402307238698
52 98 1.722689492583109
52 100 0.3416669657852145
52 101 0.3726086483242376
52 102 1.377042516609324
52 103 0.356364585883702
52 106 81.38818490826617
52 111 15.79115895824853
52 112 2.392958531245562
52 113 4.497125176612698
52 114 1.402739085027919
52 115 18.36749086678021
52 116 98.54347654522365
52 117 71.91753004922222
52 119 3.447780223206659
52 120 6.563630138589542
52 122 1.736770298184727
52 124 10.29524000105968
52 125 10.64667539663828
52 131 0.341951880774833
52 132 0.4036320726010429
52 133 125.96056019999
52 135 2.053915457145933
52 141 1.39119218317331
52 143 5.476674760589863
52 145 0.3530337001437186
52 146 2.052475426332615
52 148 5.861425059379096
53 26 3.33883169545727
53 57 0.8491339879558887
53 64 0.3970492137644669
53 77 0.7483107264903207
53 80 2.183491676096463
53 90 0.3994640864782631
53 99 2.578879864829533
53 102 1.1283688587768
53 129 3.411326938209124
53 145 0.7732414628531719
54 8 5.609736071683903
54 23 37.02811831850433
54 29 6.465788537148542
54 54 326.4123601935888
54 55 1.591780426016557
54 56 4.750454265661201
54 64 2.346093518213844
54 70 1.600700524769414
54 76 0.805686745067361
54 90 1.180070824196163
54 101 9.287046717375194
54 123 19.72423693042288
54 126 102.7381993643664
54 138 21.23121685434795
54 139 2.809497342160509
54 144 393.3955890914882
54 147 1.156692894545988
55 8 1.978596390787486
55 15 8.138782486805624
55 23 0.7949203235097125
55 26 1.216404627453939
55 29 0.3990531405254941
55 34 1.097816936931312
55 41 1.10902296216172
55 45 1.106332720362939
55 47 0.3744040550403975
55 54 1.591780426016557
55 55 58.95538958899683
55 56 8.602285383556442
55 64 26.65296918826606
55 70 4.34732461522866
55 73 1.097547027410112
55 76 6.762806164765742
55 85 0.3660233175745233
55 89 2.202939293986108
55 90 31.4733426112441
55 101 1.594926576081605
55 113 1.105013192364019
55 123 0.7950292578962531
55 124 0.3652139948641198
55 126 1.591455210120023
55 138 16.6158304100694
55 144 100.4061003631942
55 146 0.3639737311172052
55 147 2.666680021717015
56 8 15.74672193598323
56 12 0.7337919586543586
56 15 1.542376907845703
56 23 1.581561068846543
56 26 0.8066337372361677
56 29 0.793932862578154
56 32 1.077280150072414
56 41 0.7357688694385349
56 45 3.302965133802246
56 47 3.725655429762395
56 54 4.750454265661201
56 55 8.602285383556442
56 56 143.1559503406826
56 64 18.83172000853034
56 70 5.111156971919518
56 73 0.36409689268905
56 75 0.3518386762467553
56 76 0.7914819810640495
56 77 1.451330952815299
56 89 1.826952580912058
56 90 12.37064078542151
56 100 1.808871296738813
56 101 0.3966523199744054
56 102 0.3646851565746966
56 113 0.7331217082347569
56 116 3.650169017848356
56 124 3.634650936408733
56 126 4.353698702884685
56 138 46.44071971760781
56 139 1.577225790093213
56 144 97.50408891561237
56 146 1.811184948227051
56 147 17.81550983011144
56 148 6.940268272470453
57 7 1.538349556218675
57 18 23.97968936661908
57 20 0.4453609667316484
57 26 9.371373857555193
57 41 0.386641658218168
57 53 0.8491339879558887
57 57 13.87154737207949
57 58 0.8499422095198179
57 65 0.7803856642428683
57 74 2.089302746072211
57 77 4.19172189613784
57 80 27.21469876859464
57 99 12.72981665915699
57 108 0.8696259446963716
57 110 6.918278711538313
57 113 1.540722125650836
57 128 1.166833092530525
57 129 49.63743144708457
57 145 5.910054330225484
57 148 0.3837632046637618
58 1 0.3577288532472468
58 18 0.8547631847497412
58 26 5.012930442955805
58 57 0.8499422095198179
58 58 0.833563386479372
58 80 0.8742566054723302
58 99 0.8604595553092719
58 102 0.3764412906407937
58 110 0.847839910707595
58 128 1.146223519251099
58 129 10.67058600615538
58 130 0.7405103991698655
58 135 0.3741210166370269
58 146 0.3738345007219456
59 6 1.507367650338777
59 24 3.646199684765129
59 31 14.40445098176538
59 41 0.742434170017083
59 42 1.606531164185309
59 50 2.231548194639874
59 52 4.060707389424634
59 59 42.82644489924938
59 66 14.09401685098445
59 78 0.5487281168381734
59 94 0.3672651969959361
59 96 2.231135503579326
59 106 24.77984733772705
59 117 2.229474918538183
59 124 0.3667193492764644
59 133 1.828508896654254
59 134 3.110522406941579
59 140 11.86285381668971
60 1 22.90528618711187
60 9 1.065475993282123
60 11 0.3491631131054597
60 12 0.344759988198969
60 19 10.30666248840939
60 22 30.65335704416369
60 26 0.7534528055936106
60 28 0.6923406068593333
60 32 20.27169863363882
60 33 0.6929888348515791
60 38 0.6839119441776166
60 40 1.039074669977817
60 41 12.78839941996822
60 50 6.578666648632936
60 52 2.750751782140425
60 60 167.772351784614
60 62 0.3414390285811634
60 63 7.150891595253736
60 65 0.6969337159676736
60 66 0.4048794483890368
60 69 0.3542981003118576
60 72 0.3402696943019608
60 77 40.59920972239051
60 79 3.286755182665208
60 80 1.962089560461243
60 81 0.3491063835014825
60 84 0.3395082477743031
60 85 0.3424378530999032
60 86 14.48351557588239
60 87 1.371244403368383
60 88 0.6983013835110523
60 89 12.02006696325429
60 91 17.64224249500982
60 96 2.423302661197722
60 97 5.262071956637872
60 100 0.3402340808051576
60 102 19.53993581460796
60 104 7.038047372939083
60 106 4.890208782891725
60 111 24.27061827439453
60 113 0.3444642391571271
60 115 2.371030086816396
60 116 3.43100312949635
60 117 0.345946187704992
60 118 9.862999852274717
60 121 2.847362476474035
60 124 70.396164319672
60 128 1.042415281642054
60 130 0.3376689926226772
60 131 4.086197937418873
60 133 6.476077328637484
60 134 0.3608383726899804
60 135 47.04156129028927
60 143 0.3408541839533895
60 145 32.33832829203113
60 146 177.8155897763366
60 148 1.029990925278494
60 149 23.01044823736426
61 1 0.6639247081551922
61 40 14.06714647652152
61 61 2.823592279152617
61 75 0.3362989099156165
61 118 0.3335564823122649
61 121 7.230795645593186
61 146 2.074725972090783
62 12 1.71896251433071
62 14 10.25368388594484
62 17 26.96734168292701
62 22 0.6792971562447045
62 25 3.760497267988281
62 32 73.45138679529472
62 34 0.682821770008134
62 35 0.6802921179677246
62 37 12.96295307156411
62 38 0.341003708401519
62 39 11.95799466841967
62 40 0.6907638250602326
62 41 0.3446607896046453
62 44 25.2152660549114
62 50 0.6905395496799442
62 52 6.857638889532772
62 60 0.3414390285811634
62 62 137.5580616022937
62 63 6.451927572805817
62 71 0.3450468750058326
62 72 0.3393276220257876
62 73 28.67197964344068
62 77 8.505564388790331
62 83 3.751497799718994
62 84 3.047132732023063
62 85 10.24450784006627
62 87 0.3418550807414043
62 89 11.98647703467829
62 94 17.06251590282217
62 96 0.3452108124695493
62 100 5.089378972787449
62 106 1.044924069226254
62 111 12.9537738810476
62 112 0.6789465039528751
62 113 5.495975688775228
62 114 0.3481839622836885
62 115 76.00163811817795
62 116 176.5456007243555
62 117 1.724860766194948
62 119 1.027080050800414
62 120 0.6860528492979492
62 124 0.3407792121509006
62 125 37.85563372117127
62 131 13.243348972349
62 133 52.00482825466186
62 135 1.019806277449405
62 143 12.91652952431212
62 146 10.19096241860068
62 148 10.6135128374198
63 1 0.6510114503675324
63 12 1.028579768186437
63 14 0.3408674789558925
63 19 1.366674162233564
63 20 0.3893605668534812
63 22 3.04865071010847
63 32 59.4785353777255
63 34 0.3404916365380833
63 40 0.3444408827647922
63 41 1.031168768495464
63 44 0.3398305840448606
63 50 2.754632023659086
63 52 1.367816002408372
63 60 7.150891595253736
63 62 6.451927572805817
63 63 31.83452900144355
63 75 0.3296748391266792
63 77 10.17927591673533
63 84 10.46762591579474
63 85 1.362252537476421
63 87 10.90985095363458
63 89 2.049270331823942
63 91 0.3579737255682604
63 94 1.020993817707309
63 97 1.046514186997196
63 100 0.6767655458599822
63 102 1.022781873359154
63 106 1.042051628842591
63 111 9.17923436979186
63 113 1.370269161741062
63 115 38.06793304903711
63 116 8.530465606931912
63 124 5.097932036595876
63 130 0.3358462488693545
63 131 11.51453880108214
63 133 81.01835891014657
63 135 8.136566968020201
63 143 15.59385256021037
63 145 1.048586062069191
63 146 24.05394892888859
63 148 2.390124549049519
63 149 2.390878583186163
64 8 1.166597508575724
64 12 3.989929688729495
64 15 13.33449690388187
64 22 0.7162232155389906
64 23 2.343276398011828
64 26 4.381046616721854
64 29 10.1941485977269
64 32 3.550933842552355
64 34 1.800355724201032
64 41 19.63910312066391
64 45 2.902555095473213
64 47 4.050877243239116
64 51 14.06528336098953
64 53 0.3970492137644669
64 54 2.346093518213844
64 55 26.65296918826606
64 56 18.83172000853034
64 64 57.72088211958884
64 70 0.7767536483234643
64 73 5.759745083513665
64 76 7.035970960977454
64 77 7.533739273930371
64 85 1.440606090528811
64 89 18.06248761731525
64 90 24.82679305129789
64 92 0.7215373237150104
64 100 1.073143639107103
64 101 25.85714356664423
64 102 7.211180894473366
64 111 0.718980147861245
64 113 5.435901522139308
64 114 5.881791859036444
64 116 7.578576754186088
64 122 5.459307440914092
64 123 3.905986475801284
64 124 2.874943157737296
64 126 0.3909394575390115
64 133 0.3583924970263495
64 138 5.053953782443572
64 141 0.7288824754590859
64 144 112.7492600804
64 146 0.3581679989205729
64 147 12.36177016823611
64 148 14.08442831579634
65 1 0.3327629179547492
65 22 11.78450866062463
65 26 1.152279448786067
65 32 0.6875496929020192
65 35 0.3471211278481648
65 41 5.629177403770145
65 57 0.7803856642428683
65 60 0.6969337159676736
65 65 7.095221555915582
65 77 9.374412864136382
65 80 5.205424374646642
65 90 0.7377749460460151
65 102 3.140056919550682
65 106 0.3556252084065861
65 111 2.435262510712368
65 113 4.557965098098373
65 116 0.349200488998118
65 124 1.391120164637972
65 133 0.3468655951554909
65 145 1.431637063247402
65 149 0.3495513166749683
66 13 6.057494991595715
66 19 1.219516123952275
66 24 14.4340500582759
66 31 10.47456578067563
66 41 1.228247759016648
66 42 20.42040803624435
66 50 4.102768709361076
66 52 1.627642228624771
66 59 14.09401685098445
66 60 0.4048794483890368
66 66 82.21372479209546
66 71 0.4099625101247567
66 78 22.27790073637249
66 86 0.3971186132183656
66 96 2.050967531158345
66 106 26.11815090906633
66 109 1.339706214936553
66 117 2.049281631194938
66 124 0.4039519818081019
66 133 0.805433822889779
66 134 3.016488038837206
66 135 1.208297105384912
66 137 16.15516428575728
66 140 50.37850993476643
66 146 0.4024352118290311
67 12 0.3421558804694456
67 32 26.82886254513104
67 45 0.6844863237387354
67 67 0.6745878430244433
67 72 0.337732729543903
67 73 0.3397194973678241
67 75 4.277305508665661
67 84 0.6739646538080488
67 89 2.045080546742979
67 98 0.3405021507101034
67 100 7.09165589331686
67 112 1.35151146043029
67 115 1.344819838535984
67 116 18.04764879119212
67 117 0.3433241960233909
67 120 0.3413970014250572
67 133 0.6766009671207583
67 148 3.066734263821644
68 11 126.4340420118669
68 19 3.50320514363811
68 33 1.060130104402297
68 43 1.421470590092694
68 49 58.88653833610065
68 68 116.8006062178377
68 81 64.80896718157125
68 88 129.6352406940404
68 118 0.6699111774998945
68 135 1.737701188866776
68 146 0.3472935571825291
68 150 13.17563373854637
69 9 0.3679847562155125
69 60 0.3542981003118576
69 91 3.359110333485703
69 104 6.196343343355865
70 23 2.398100945545154
